-1.971358695233229597e-01
-3.231421761253880920e-01
-4.301232874141777129e-01
-8.605937269373843401e-01
-5.112797230415671024e-01
7.498969634765243475e-01
2.968796511952369599e-01
1.143422084474946976e+00
1.997509744365522089e-01
-3.794002137017197795e-01
-3.137493765463481576e-01
-1.590588059059610426e+00
-1.355704699098294164e+00
-1.091865016193213217e-01
1.032781230789441729e+00
-1.024330873060056296e-01
-5.909402533220524667e-01
1.394903569559207135e-01
-6.042523710381269009e-01
-1.411386064958934483e+00
-1.842391996276086796e-01
-3.635802339780307424e-01
4.677765210647738536e-01
-5.664140220826259231e-01
-6.727435783164033012e-01
1.006133262372257420e+00
-1.255376222573510336e+00
-2.075396815360648073e-01
-6.881696552967161429e-01
6.520081259910726068e-01
1.107173275776519722e-01
-3.930363252046700229e-01
-6.279376374056597765e-01
-2.905852643062184493e-01
6.222354791766308846e-02
4.653925038844317075e-02
2.280894656126800646e-01
-1.591973420059453304e+00
-3.786892674188062080e-01
-2.351127723061344904e-02
-6.093268752895093954e+00
1.049570278455490779e+00
-1.242658556530025216e+00
7.224039420521293220e-01
-9.074458961805187407e-01
-1.259836887010911344e+00
-1.151488148005458845e+00
6.627769974041035628e-01
-6.556892321633109866e-01
-4.882491141459905371e-01
-2.164215454449841536e-02
8.550248474838484380e-01
-3.190571557535442082e-01
1.216814578412598602e-01
6.160910434813184899e-01
-1.089264399127851529e-01
-1.291676128716994221e+00
-4.042984086527139920e-01
-3.788313074138927039e-02
8.982249195619971260e-01
1.284527944380866149e+00
9.311464114104062162e-01
1.083331958989148580e+00
2.697980874877362600e-01
-2.220828201661747769e+00
-3.349556295659871230e-01
3.092495291024516257e-01
-7.337532173729647056e+00
3.248118424076009148e-01
-1.299139356302666748e+00
3.427785557829830798e-02
1.102529624381447526e-01
-7.140491823236241320e-01
-1.644208809419308026e-01
7.049792317476936132e-01
4.979548246420675839e-01
8.204208325130397661e-01
6.591449240690585576e-01
3.618585599950377429e-01
1.111957470502189516e+00
-2.031794800080973518e-01
1.020713950575660028e-02
-5.398816325123483306e-01
-7.606126809330612804e-02
-5.703898844147305830e-02
2.562145514756536402e-01
-3.321418471373446257e-01
9.398982144555059759e-02
-7.913587777071042773e-01
2.567956714906326904e-02
-7.273526443170598155e-01
-2.285711338969816375e-01
8.121567216860129390e-01
7.165682601571401467e-01
3.802213201174221568e-01
1.469318367838819833e-02
6.276929704085059125e-01
-3.790337532480300142e-01
9.041169898762000390e-01
8.937087116639199635e-01
-7.077939959497874245e-01
-2.424485638374575203e+00
-3.207384247295274049e-01
-1.605347842540914560e-01
1.140680810519044408e-01
-7.029364855833601933e-01
1.097417216232407178e+00
3.214060274410358575e-01
4.946857366971681991e+00
1.248599089975596099e+00
3.498068843542000650e+00
-7.201870420230696013e-01
1.533896084432622597e+00
-1.389653331568802552e-01
7.126930859413213026e-01
8.808373290161630731e-02
3.902920583207689642e-01
4.471798797287658833e-01
1.321762438133058382e-01
-2.872281655236073039e-01
1.405402659906393570e+00
-3.423946751806068445e-01
-2.746835099264730573e-01
-7.360097694888192432e-01
1.872378362901870319e-01
-2.745130265162453176e-01
1.567039205618172337e+00
-2.393080273426170801e-01
-3.064055488136507334e-03
2.177430686670339330e-02
6.771690131345096120e-01
1.368651437399058368e+00
-3.722220279135950993e-01
-1.417519536472516828e+00
9.358390764755932789e-01
7.639264980125365367e-01
3.404418798338096686e+00
-1.085343001463854318e+00
-6.913160011461862986e-01
-5.115805782360650644e-01
-5.714791596923214367e-01
-3.782527855610407386e+00
4.189576758000370660e-01
-1.127164392699064654e+00
7.931575052173508444e-01
-1.373998525024957562e-01
2.436163699087322276e-01
-9.619359440493805424e-01
-2.750217373788569342e-01
-8.446380507434771978e-01
7.762081830289675466e-01
-1.165306507795409729e-01
2.349801241233421933e+00
3.321727663760548621e-01
8.803564203739930871e-01
-3.551242305084440498e-01
1.027460443486210295e-01
8.148665482966628293e-01
1.269821297997392850e+00
7.272339434331988040e-01
-4.590917376939669392e-01
-2.237829336439476624e-01
2.092208746254321738e+00
6.329009594984493781e-01
-4.194707597135489685e-01
-2.405889965002431796e-01
-6.552213525233107072e-01
9.168908962824988684e-01
-6.836868559463393780e-01
2.800680598396920740e-01
-2.817470199184938240e-01
8.986771730766012212e-01
-5.852418429854963078e-01
1.333448920948422933e-01
-1.785892369507133537e-01
-1.385106632711082808e-01
-9.956213623375815835e-01
-4.332495857833672304e+00
-3.568297734305434510e-01
-5.634662126627916212e-01
4.440508377055424338e-01
1.410287413827982839e+00
1.621177430579525680e-01
-6.704452167197660906e-02
1.185582069372842495e+00
-1.494046563276886896e+00
-1.023742938202221175e+00
4.660418162118812324e-01
9.670174171461017876e-01
2.723216936306434910e+00
2.414482630968314836e-02
1.301751123007285904e-01
-5.275997743733071843e-01
1.748861957519523669e+00
3.113433000499175041e-01
5.376705164192694397e-01
-4.190981194796249421e-01
8.562322023291793482e-02
4.240051422914794532e-01
-3.735157522764495641e-01
-2.055698168689584771e-01
5.174536830006551957e-01
2.491481559802772028e-01
2.502600507218011305e-01
-5.119483320749653732e-01
1.076947990400338284e+00
-2.347876214120021843e-02
1.918922035594501641e-01
6.728903986101870682e-01
7.554012540315007129e-01
-1.270084915938976877e+00
7.405229241711170918e-01
1.403820046508835295e+00
4.840801461072385958e-01
2.675400794250154535e-01
-1.027089134101561441e-01
6.759497245529252907e-02
1.784532199369266159e-01
-1.081320127341165005e+00
-7.697144908512627559e-01
-7.245966565801809089e-01
1.013108315131072468e+00
-4.322298643701558696e-01
4.347235329901928957e-01
-5.970891589032187863e-01
-4.673578546308164161e-01
-8.947666029406439181e-01
-6.307043144097181919e-01
5.919154348140004407e-01
6.601243303106867355e-01
-6.652300203653553901e-01
-1.941145380017311295e+00
-1.031102762392636318e+00
9.367496364589303903e-01
1.056836667725732509e-01
2.715146551607464653e-01
5.708354971210281015e-01
-7.024007261067648500e-01
-1.038328709007412920e+00
4.592990039997365548e-01
1.677450158561226423e-01
-5.028173899795966850e-01
-3.044441929434753558e-01
1.959027771160668507e+00
-7.911145048700489735e-01
1.077192219430900710e+00
-1.118761221391374017e+00
8.436881559624092031e-01
-2.314299452257423395e-01
2.546491545241831300e-01
-8.183022297778257403e-01
-5.856028893553555381e-01
-2.949656162306125706e-01
-4.359395455030307814e-02
7.039796158498727863e-01
-3.060045046477076758e-01
-5.060626655740423363e-01
-1.885865184356069868e+00
1.906007609156810112e+00
6.528082093995213331e-02
3.612309120250162264e-01
-8.815474333160924214e-01
2.466099198202025278e+00
4.822350322326081351e-02
-9.602760103037644157e-01
