5.705489300721784396e-01
-1.390040487828020144e+00
-6.256288325468521982e-01
-1.953492187509891842e+00
-8.119597098007993452e-01
8.987780376455418996e-02
-3.746920753028737394e-02
4.403894973863823337e-01
-7.114827703511211743e-02
3.322934502752880048e-01
6.534243684957510290e-01
1.007707941638554816e-01
6.339830677901425737e-01
-3.036625420628235039e-01
3.448468773584815183e-01
1.302509041145171853e+00
3.298815312285561241e+00
-2.706836616471513857e+00
-6.501290648231942138e-01
7.945456270916892993e-01
-5.842083469747585411e-01
8.865327257714039622e-02
1.895628470615393191e+00
1.844696693612470906e+00
-8.807125233612171922e-01
4.984895776014862112e-01
5.831998226299578425e-02
1.576706754857521542e+00
6.881843491222428000e-01
3.464568855501188871e-01
-1.823561083940236305e+00
-3.500102052866962410e-01
1.501711275213365449e+00
-4.050873085151965869e-01
2.206656058274804266e+00
-6.611429755403333552e-02
-6.038595157967767690e-01
-6.490218856512652845e-01
-4.205051980798349409e-01
-4.769500162658034670e-01
1.996905863141533288e+00
1.958007707001975239e+00
-5.833342704038664284e-01
1.117499523691336094e+00
7.180601023864170429e-01
2.304950075509256124e-01
3.138684887838338877e-01
3.477306131549948720e-01
-1.934408723067844615e+00
8.147359529373272569e-01
-1.031225358471604903e+00
-1.558102809049127790e-01
-8.944289829971991956e-01
7.802540507106612289e-01
1.148764771339866098e+00
7.305398218940061666e-03
-4.357140802612602393e-02
1.353853555211118831e+00
1.122789857945662106e+00
-1.183603456420807998e+00
1.093991072035480183e+00
3.279595838078170900e-01
3.208587806919218632e-01
2.443995571571694114e+00
-1.323809505729354186e-01
-2.178772835429577448e+00
8.455165988083120920e-01
-8.229207213638860541e-01
-1.577504410857854644e+00
1.831779794942181572e-01
-2.508897339512068392e+00
-6.733815516775636389e-01
1.232669165138021050e+00
1.677512162591245248e+00
-7.142282059407183414e-01
-8.677671685642928123e-01
-7.192969254950252189e-01
6.039164216735548596e-02
-2.676035715237145007e-01
-9.010026227889897932e-01
-6.105774568594475316e-01
6.282077755530284247e-01
-2.884409599996086149e-01
-1.027560981412995567e+00
-2.336271225885427349e-01
-3.007506637053220661e-02
-1.248955216735053497e+00
-3.898522987753303970e-01
3.793819881746464673e-01
8.903905118579612255e-02
6.176134018151657745e-01
1.008051421105896406e+00
-3.625565537499292557e+00
-2.057939092687476601e-01
-7.178664704721855472e-01
-1.847799715533001569e-02
2.299753500971199460e-02
3.736537570623688076e-01
-3.868864693971371338e+00
-1.590099224309726944e+00
-8.254983117706329865e-02
-2.519726379044612274e-01
-1.558833802406891511e-01
5.009411609161015244e-01
1.162026585686253721e+00
6.906596120116599291e-01
1.487121382084829690e+00
-4.670313865343526938e-02
1.213830653398695891e-01
-6.831026612214419202e-01
4.588344628402619141e-01
2.945381089596741386e+00
2.353887990579329181e-01
-6.628599758341435777e-01
-1.709045385080724566e+00
-2.362969644998512031e+00
-1.214273659366860603e+00
8.457352818576853171e-01
8.727440812226184841e-01
4.903421642455841334e-01
-5.541941751780747882e-01
5.779836340444579612e-01
-6.212246734209494470e-01
-7.077255420928590945e-02
3.799033114090688557e-01
-3.478816392313718309e-01
-1.970649850593709340e+00
5.566020875474080309e-01
-1.856849791027169960e+00
-1.048738476673656717e+00
1.789063853424504469e+00
-1.466612956325416883e+00
-1.965941064356046208e+00
-5.491508551858914622e-01
-2.420134653000765468e+00
7.081521350780286550e-01
5.833051664825505966e-01
-3.482465107809583849e+00
1.188284113723613977e+00
-8.977660598958914218e-01
-2.005113389476670116e-01
1.329864985128374144e+00
-1.678366255978278598e-01
-3.190933185980514564e-01
-1.493849109273801545e+00
7.429832937929174985e-01
5.995651879114136662e-01
9.592071091751628309e-01
7.385581540367447406e-01
-1.126568051186104480e+00
3.334374827673675767e+00
9.974016539117801228e-02
2.493011969378370551e+00
-2.744724480109298481e-01
1.079046546657633776e+00
1.531528914544844078e+00
-3.207979046848854487e-01
1.458706190413796566e+00
1.713480536546604593e+00
-3.970643988693545179e-02
-1.743023521990009206e-01
1.191299081312291452e-02
-8.191254455995753553e-03
-9.007487075042212021e-01
-7.196347117250795344e-01
1.448206598454987670e+00
-1.149017997803349900e+00
-1.834100713364291702e-01
5.217821094808772209e-01
-6.261585259158541916e-01
5.048246375563616439e-01
3.870395947011748827e-01
-2.704894493661156751e+00
1.333757819234385744e-01
3.179540171255411662e-01
-4.085590892222902282e-01
-2.644006579982873806e-01
-9.256226356906177566e-03
-1.286667743444442458e+00
-1.742014179821841813e+00
1.640951186631383618e-01
5.297321487212443003e-01
-1.134852371422137907e+00
-1.781761973693586354e-01
-3.854112698449019270e-01
-6.938607332363128100e-02
6.506395983125916604e-01
-1.544077716904662445e+00
-3.364976093840652549e-01
1.535225787294899114e+00
-1.435384379656340137e+00
-6.586267590007733874e-01
1.420920081426206405e+00
1.935527182595507378e+00
1.617398471794422754e+00
9.846718558760616524e-01
-1.550568900359590607e+00
-4.355722476354970119e-01
-4.290805887725621104e-02
-1.178235311054633971e+00
-1.336383862622569918e-01
3.731772140433405882e-01
1.123269035658136072e+00
-1.007099075448625036e-01
-1.158823280980298964e+00
3.402578113271771620e+00
8.828670417263295711e-02
-2.540214995781737706e+00
-8.185484177654180904e-01
5.102668527911223828e-01
-5.376603456076964882e-01
-9.099512705481160868e-01
4.292298279323127769e-02
1.373650148926920611e+00
4.289127944951818261e-01
5.377254172191163750e-01
6.696183434304514570e-01
-9.225831526029291962e-02
7.037609774204173219e-02
8.046983452825295924e-01
-5.791998267635503073e-01
3.815218191546685400e-01
3.844671581853716380e-01
6.441498893046713192e-01
-2.684732897648404171e-01
1.082824858466917006e-01
-1.291338940413962799e+00
-1.053231686210359536e-01
4.570528726114409510e-04
7.324222657719599017e-01
-8.602068570067559206e-01
-6.428084616796658768e-02
2.811431848750496343e-01
-8.913117593544868100e-01
-6.663198431592221027e-01
3.276207721484819535e-01
-2.130414235794308719e-01
7.255167613250523839e-01
1.854633073314832792e-01
1.064124552159019521e-01
-5.255643474259246162e-01
-1.782638133485247245e+00
3.586717865276229489e+00
5.085620978578591078e-01
-5.261088494444718933e-01
1.203181884444597394e-01
7.013030374754607443e-01
-1.274284091158445209e-01
2.861834683223469789e+00
-2.022179583198940034e-01
-1.292857167229430893e-01
3.052785142871630164e-01
-5.504305076368563032e-01
-2.965471446312254455e-01
-2.759324291649832839e-01
5.536428460929312401e-01
-3.950541487922381023e-01
-4.918525385911598491e-01
-5.432337977856209754e-01
7.249342037383359472e-01
4.408945214691066816e-01
9.757557606113294035e-01
2.662093016927371547e-01
-1.263878207590519942e+00
-1.086781081084733813e+00
