-3.062979949678759084e-01
-4.208754471053216539e-01
-1.241119145818958103e+00
-5.996635863422168367e-01
3.405042522637103941e-01
-2.160736518468124423e+00
5.842955079269228635e-01
3.981591930620284048e-01
7.713467745029466416e-01
4.982611305368339627e-01
2.434426054374349835e-01
-9.549141802764756770e-01
-6.793093740172659878e-01
-1.495785090351237079e-01
1.972951025820086635e+00
-1.178683831400979543e+00
1.045415842862358613e-01
-7.178898446667376643e-01
6.259018106220179956e-01
6.195055285462540695e-01
-1.063578327322685368e-01
4.497434646794604141e-02
-6.252714573544364551e-01
-2.340771637850178055e-01
6.365315463391418849e-01
2.253251441819012213e-01
-2.158404292582089212e+00
1.643835295286543152e+00
-4.726317990180668727e-02
-4.825138143961805182e-01
8.771734279281274693e-01
-3.106929492796998149e-01
4.454197643276669449e-01
-8.173687874633308592e-01
1.483013873029193741e+00
-2.283101449501838687e-01
-3.985471100069046813e-01
-7.645645561128211476e-02
1.307673603399286844e+00
4.641174139019557665e-01
1.718038495010186351e+00
-6.201239339649070592e-01
-7.231616883478058089e-01
-9.006217583135840421e-01
1.051985083664601195e+00
1.261051430737375245e+00
5.499259861798897475e-01
-1.033668478297538940e+00
1.450111913103856232e+00
1.959175806963636468e+00
-1.410207832612299761e+00
2.254641037442478291e-01
-5.175443012193146064e-01
-4.432089603858110904e-02
1.520958621181164983e+00
-1.270583272330889635e+00
4.540929761471984571e-01
2.891332394811320095e-01
-7.535696489364390738e-01
-3.770000999317162815e+00
6.789566902636565704e-01
-3.320414735933148731e-01
5.770015428587229600e-01
2.067329794591496128e+00
-8.463760963557513950e-01
6.232119738525279118e-01
-2.865275302654929912e-01
2.879943832161798722e-01
7.119478324352181975e-01
5.206236727417652421e-01
7.187500530304609114e-01
-1.412845404299614138e+00
-6.898961494054725030e-01
1.495598318937289006e-01
2.082949718343529155e-01
-1.049268651895191307e-01
-1.044898097717707586e+00
2.108029247119222460e-02
5.058009112635945825e-02
-2.510517859355132053e+00
1.304527406244971655e+00
-4.237594641198714207e-01
-6.732682031916573107e-02
1.505891946866961817e+00
-4.872505166749515060e-01
2.711378679617442167e-01
-2.394999442728217964e+00
-4.157054889713653889e-01
-3.227659534976576872e-01
-5.629647752545754447e-01
-6.418311741011364924e-02
-5.331454834625525274e-01
-4.951290561262442491e-01
7.210032264721763506e-02
9.473644166967569724e-01
-2.546411556242399676e+00
7.183097761533819847e-01
-5.794198074372260976e-01
1.118183846321881170e+00
-1.832521658384550278e+00
-1.747599229516309638e+00
1.189652446393639762e+00
-1.117895104754400126e+00
5.750284647522174719e-01
6.449017148866049709e-01
-9.687423162795261167e-01
-1.020164156843805792e+00
1.251234244558623754e+00
-1.157941617496599296e+00
6.651364549165912354e-01
8.335826549026192911e-01
1.460486359759352704e+00
6.125743409040027565e-01
3.957334200513402678e-01
-1.269924456326995577e+00
-6.728828592733049341e-01
3.518057013006060940e-02
5.413778626133894378e-02
4.736565544528197752e-02
-1.731325172628168652e-01
-5.258088346833317273e-02
2.754799212045626680e-02
-6.002538089915392394e-01
-4.621809136472373458e-01
6.384127919542065266e-02
9.213406292894118499e-01
-1.239622181971629378e-01
3.042567302008162278e-01
-1.071628910888515751e+00
5.196289117597215068e-02
-1.138121204513850682e+00
3.760994707071991794e-01
1.019809709692175659e+00
-8.546844658350033486e-01
-2.487442755972473662e+00
4.766236133542949838e-01
3.772862194367398135e-03
3.814760529056445137e-01
-1.015613618868909107e+00
1.305099188717772640e-01
6.644731591151780137e-01
-8.400047502376051245e-01
-2.189299557183825920e-02
9.867972213490094902e-01
7.378134637098701654e-02
7.509350690709730713e-01
8.833790808510186832e-01
6.419713756229357138e-01
-1.140859561799687505e+00
-5.272592616547686628e-01
1.259162343457896238e+00
2.107340980259850838e+00
1.120213050136121158e+00
-2.041967236163172994e-01
6.109460750136003204e-01
-1.186617091025017334e+00
-8.891027740697539095e-01
-7.639030577425978130e-01
2.377802109422753329e-01
-3.864444852983572876e-01
-1.156118876519195871e+00
7.152580202924225805e-01
-2.068079893644828859e-01
1.814292069905301119e-01
9.663360485479326190e-02
-3.033106604887696456e-01
-2.355294234789298558e-01
4.939729114792660303e-01
-1.044205813844882202e+00
7.435419105755238789e-01
-1.419292948830747525e+00
1.987987966028216813e-01
1.297143465270444329e+00
1.691123430719866372e-01
-6.136508550990886768e-01
-1.419406309219571449e+00
-6.004712020949525275e-01
-1.433412645020782250e+00
-6.673806577207987978e-01
1.289000441249267936e+00
4.307631757223560620e-01
-7.175130316457269952e-01
-7.899416106595813503e-01
1.072728920250358264e+00
-2.827182191936628897e+00
-7.038336102630785018e-02
5.542477418787672416e-01
1.417390232561009711e+00
5.203204429862953173e-01
-1.066077029016147648e+00
7.534758938800403261e-01
-7.267785312489978278e-01
-1.770584928036557315e+00
3.198231653647278239e-01
1.116343692358737538e+00
1.267760596778189752e+00
-2.749157934292185135e-01
5.338282632472991507e-01
-7.827849711890518813e-01
-3.288838729166796426e-01
8.867857404591145132e-01
-1.267746133839818823e-01
-1.687297844068606167e+00
-2.096769838655210827e-01
-1.093783165151721026e-01
2.286165685706690875e-01
1.811601390039393245e+00
7.711062545642409158e-03
-1.353958354055166735e+00
-9.223316387028794860e-01
-4.301234911899279867e-01
2.168964541801661206e-01
-2.425227937697804315e+00
4.511180171887003709e-01
-2.344453512948417861e-01
1.760315275732526885e-01
-4.269707216562563801e-01
1.642881963209637641e+00
5.192945316799546518e-01
6.278973008048440718e-01
-1.377004252422909525e-01
6.269554595907715910e-01
-7.116441257131788101e-01
6.000293684759685497e-01
6.632599538550598695e-01
1.478346208911114790e+00
-4.256100152228428080e-01
1.718972644291216767e-02
-1.719559916424837076e-01
-4.206916373021051259e-01
-2.827513625885957893e+00
7.429155575243673315e-01
9.979949928984626073e-01
2.817300300545045461e-02
-2.500093261573133607e-01
-3.562643816104106298e-01
1.182350388025623644e+00
-2.695382124621080067e+00
-1.037030454172985561e+00
-3.750168532728076487e-01
2.466661249929772981e-01
7.683974193428065869e-01
-1.131072723609128250e+00
2.192283411449097663e+00
4.454150552691493181e-01
-1.971035977420632079e-02
-5.835172588086856571e-01
9.915930818557936455e-01
-2.235921762073206087e-01
1.018881145829180657e+00
-2.197314476291279739e+00
-3.406560471128160517e-01
-5.177452528899639805e-01
2.490680655157682111e-01
8.140602646942387555e-01
-4.948374015108176760e-01
-2.090585750169738688e+00
-6.079454859532609223e-01
3.681227330957658195e-01
-8.869795461509200063e-01
-3.166744827462327772e-01
-6.404599549147085291e-01
-4.183166664243065935e-01
-1.613531785698451015e+00
-6.503694736514823438e-01
