9.715936165082603160e-02
-2.900053997068150480e-01
1.819427834009670120e+00
1.623797460300046902e+00
-1.916082654709304056e-01
1.423749729658551288e+00
5.591011136460544151e-01
5.356814961803177955e-01
-1.250267979218489423e+00
1.567394973557700855e-01
3.765313536323670052e-01
2.428831569086633280e-01
3.594415390285735090e-02
-1.922587258504144248e-01
-8.197189591958223831e-01
-2.342051400392471672e-01
-2.536532474490289513e-01
9.195292669060977937e-04
1.252748746083460318e+00
-3.193214095896713678e-01
7.478651378362239921e-01
-8.684598921611985656e-01
1.027714661487678371e-01
-4.554567904614971741e-01
-1.436189258046189021e+00
-7.875334802613775942e-01
-7.427842692846320372e-01
-8.505217179162831709e-01
-8.266078340753714171e-01
-7.325484953903829144e-01
-2.471890356742988820e-02
-1.035054026379880421e+00
2.036839799221236369e+00
-4.868023432632234693e-03
9.854849253015321997e-01
2.948354249240349167e-01
-1.402941534930635670e-01
-6.035848202743376856e-01
-6.419195613360517694e-01
-1.061310199647194974e+00
-2.531023916266782470e-01
5.615869028780986483e-01
-1.116418829059649287e+00
1.111634151180783459e+00
3.623068761204610855e-01
2.834211313118283060e-02
-8.735015604504950959e-01
-3.432375743663358403e-01
1.749151648293045813e-01
4.428644008476392835e-01
-7.308676176173847239e-01
1.161526952762118814e+00
1.205411390747901823e+00
4.167519949756377795e-02
1.125225636759505043e+00
-9.942393273475063076e-01
3.219615456620967819e-01
7.439421312623226146e-02
-5.933342979908642345e-01
-4.341389292261330080e-01
-2.021563156326929289e-01
6.636457493833458621e-01
-6.168553646945210689e-01
-4.006689890379129815e-01
-7.786654506674212106e-01
-5.122176645555959196e-01
2.502204380951398299e-01
2.904707675012676571e-01
-2.114663023505868988e+00
1.518306398423482584e+00
6.541809622111369737e-01
4.963327560217288825e-01
-9.163980744125185263e-01
1.058988598851149376e-01
3.956724062984910972e-01
-6.717628763804592840e-01
2.342083844994240494e+00
-2.732931170897396900e-01
-2.240333340146150043e+00
-2.583676248837276854e-02
8.743068003078759975e-01
-7.205362423605896627e-01
-6.348566644746203025e-01
-1.848337707989045064e-02
-3.634222117045018408e-01
4.319979849282943873e-01
-6.076493599926249267e-01
7.264032699728888431e-01
-5.836164118011872848e-01
1.023144397241816606e+00
-1.489112089493873192e+00
1.660569569422056801e+00
2.107774994570567273e+00
-3.251589611786582790e+00
7.790139571778574856e-01
-1.487094296812354610e+00
8.451115149483431344e-01
1.001970929827523671e-01
1.243383921846761719e+00
4.367252126703254911e-01
9.163831787347842539e-01
-5.935524351399883436e-01
9.517793010766871786e-01
-1.960373303785179488e-01
-5.324310927888911138e-01
2.857406157799509128e-01
-8.767553980282416504e-02
-1.323840009786798166e+00
6.390944611692603861e-01
-2.697231028939750530e-01
-3.968413025003789674e-01
-5.122455870468822781e-01
-1.314057983316561984e+00
2.034304481125980502e+00
9.754441487163627578e-01
5.137540952563066643e-01
-5.066706837509740158e-01
1.003043625831775643e+00
9.250921657439654666e-01
5.138225519222610060e-01
7.589704350983563774e-01
4.044770614685655463e-02
-9.162839067598200771e-01
-5.796657746992061044e-01
-2.091625862330622476e-01
1.657331866239190266e+00
4.492049941938321966e-01
-7.591887334748026461e-01
8.755735554488193184e-01
4.599743835310143164e-02
-3.090922062223900868e-01
-2.939103821287409324e-01
1.437089629596733475e+00
-5.442399518515661505e-01
1.612063483054379187e+00
6.395005346175153260e-01
-1.467446614851603548e-01
-1.116005956660901077e+00
-8.003671451895959521e-01
5.950935456428392278e-01
2.325331237595623435e+00
3.753879701230649069e-01
2.347441907865590593e+00
1.500063780730296559e+00
-4.380426732072303375e-01
1.024057900622057149e+00
-1.192275197562580491e+00
-1.581568327667409180e-01
-1.160508544847937001e-01
1.398955163848430161e-01
1.521406019907329266e-01
8.167665754299260339e-01
2.665331214390445069e-01
-1.839777227573481944e-01
1.645206855839272286e+00
2.156890544055530268e-01
4.416336674995127720e-01
1.853086086058166118e-03
7.367729262834653570e-01
-4.821027780833662124e-01
7.280244896769562379e-02
5.948677727063624854e-01
8.800219773640360899e-01
8.787230607747872346e-01
-9.357828473161920735e-02
-6.939616898040448789e-02
-1.402522881642538355e+00
1.135287007510120905e+00
3.175596751168457410e-01
5.195916171118546423e-01
1.547087992558747516e+00
1.844626118384694369e+00
-2.398463019655800721e-01
9.337277902794594020e-03
-1.728782753072516831e+00
9.638055907231520003e-02
1.148565988267723714e+00
-3.082090869713132175e-01
-2.743191792825654396e-01
1.310045733683083746e+00
1.257971493815476460e+00
2.526177059242651346e-01
1.191658856902959585e+00
6.524605091471019636e-01
1.170626192523676057e+00
-3.112933439881615527e-04
-2.380354070059728100e-01
-2.585564332185530390e+00
-4.603157544710789750e-01
-1.404277351005123187e+00
9.633903909757728368e-01
-1.659850876214997162e-01
-4.261405216238038918e-01
2.179746107637140218e-01
-6.125098256078220782e-02
2.400857474310919004e-01
-5.010215049987398750e-01
-6.932331920739015496e-02
5.761523801079040386e-01
1.035243059244951080e+00
7.720617951543544688e-01
8.317666538345847016e-01
6.589518927157873573e-01
-1.152627679894045354e+00
4.085474469065182579e-02
-2.857659339345082761e-01
2.089204935854158229e+00
1.730982891888138142e-01
1.345887443092506075e+00
-4.699658351075328144e-01
1.083803759535788558e+00
2.460901347548041795e-01
1.655880208945887944e-01
4.653317938165036916e-01
-3.895475663246512066e-01
-2.221204094668617901e-01
-2.187674445142596458e+00
9.695961302030325912e-02
2.016021350418200964e+00
-1.265925858489863387e+00
-1.535827012584799756e-01
4.603670471296129607e-01
1.647956072643008696e-01
2.101225064409731225e+00
4.258812220227968792e-01
-5.641168407797092499e-01
4.457122214931431570e-01
-4.789233167335140151e-01
9.095800666556128067e-02
1.671562885718903324e+00
-4.817563724626860999e-01
1.755253025386799504e+00
-1.048906727759198354e+00
5.602166494247429185e-01
-2.424865747316958253e-01
7.803951785649213546e-01
-8.197046543210601000e-01
-3.986406016990491352e-01
1.261940267398369842e-01
-1.680884069851382723e+00
-2.338002615063637935e-01
7.089707386061130379e-01
-9.889994392224289443e-01
1.857747807414418473e+00
-1.441685102695878351e+00
-5.466233594339915403e-01
3.714578999449446584e-01
-2.562633760558421514e-01
-2.124824044216498953e-01
-1.099202354772895518e+00
1.322334702797059114e+00
1.349223673178975069e+00
-1.321494652565956551e-01
2.672039812523835378e-01
-1.065012233736825742e+00
-3.993794538914375303e-01
6.724848191992318647e-01
1.589815970338651629e+00
-2.206133180431432694e-01
-8.256515899935011893e-01
-5.962944686226013813e-01
-8.662578612253907240e-01
5.317879476013097628e-01
-1.353947099494885453e+00
6.122782611902397587e-01
