-6.293868224286308655e-02
-5.174880186350578476e-02
-4.713901859076480294e-01
-1.809445980774591067e-01
-1.316816174189971544e+00
1.290600195495049451e+00
-1.658310588627808002e+00
-1.736394978561044411e+00
5.138018958466199493e-01
-7.358069885269404864e-01
1.314019606197776913e+00
-2.230076621993294594e+00
-4.085947394273405919e-01
-5.033662937529779224e-01
2.359347999050015743e-01
-7.673651070742606439e-01
-1.208869868402711045e+00
9.577972256109036353e-01
1.324867062743266891e-02
-5.401960348776408960e-01
3.816533594987957523e-01
-5.500011721343823767e-01
-1.490171544291791550e+00
-3.626592097668185910e-01
-1.696618201142269244e+00
7.088921466891029421e-02
7.790401539003031228e-01
5.889685866864595720e-01
-1.521277482311096940e-01
1.627415066473911764e-01
-4.588906612117513717e-01
2.094674614563492576e-01
3.303314008202464791e-01
-2.600548267365035970e-01
7.012898171246013668e-01
-1.025526134040425641e-01
1.481235871658093561e+00
3.758357913995303279e-01
2.274549010006378658e-01
-8.662357302870729026e-01
-9.498178562386715429e-01
4.888540963578070220e-01
1.672475542667231085e-01
-5.328196928523922793e-01
3.675136099330608141e-01
-7.835964281469898207e-01
-1.342102767097010041e+00
-5.985776164243059583e-01
6.799097743540352123e-01
6.785395451938098788e-01
-9.576475171644314166e-01
2.755343614261805962e-01
1.733169782779054868e-01
-4.766922467113445250e-01
-1.019314243593146152e+00
-9.494167752307214325e-01
3.210233518931775443e-01
-9.951888715392547269e-01
-1.495241343568372239e+00
-4.979784025757640897e-01
2.217884850048423839e-02
2.472821620008909704e+00
6.783961870244392678e-01
-7.171122101582098063e-01
-1.395087016506107114e+00
-1.281783730353577844e-01
-1.201679063518752866e+00
-6.181074517196322171e-03
3.890080455939110560e-01
-2.010914144301215456e-01
-1.583863488070287762e+00
8.758685203345684123e-01
-6.169841053856999213e-01
-9.476382353049209728e-01
-4.142154409039731089e-01
1.350951374233713587e+00
7.899204464499898215e-01
2.129647502639541834e+00
-4.217951924598573599e-01
-6.134472607367591479e-01
7.070981064105933411e-01
9.066685884618173041e-01
-6.282616603179105308e-01
2.258200690963117374e+00
-2.118038650738428008e-01
-3.221246854797192583e-02
-2.947172906629069278e+00
6.275550177155779785e-01
-5.981155564294993177e-01
7.246682434477080825e-01
2.089723880993588911e-01
3.273466082788246911e+00
-3.165441607117651657e-01
-6.048947820061613134e-01
-1.005655459847661692e+00
8.231781394895278936e-01
-1.212328214151023431e+00
-6.107384568142522063e-01
-6.596136949126502058e-02
3.572962436750614645e-01
-5.409966696532728658e-01
-1.668456553473023796e+00
8.949373803038953579e-01
-7.739321940168193414e-01
-8.767982459422511698e-02
2.819550340180410064e+00
-4.981453118594848517e-01
-1.972447989895691478e-01
5.231644622926447108e-02
-1.911617870956338339e-01
1.691066936875725180e+00
1.200740666198917506e+00
4.932969374703414234e-01
2.191103493715026163e-01
2.092729600543665192e-01
3.731138070180064492e-01
1.211331094597307839e-01
-1.566128921586040779e-01
9.283997728592905396e-01
-1.586485699770112223e+00
2.778311249089536750e-01
-4.841125081999253510e-01
-9.599772585449045659e-02
-9.578941006759842391e-01
-3.247191875468753430e-01
3.317691174965873291e-01
4.246671266145757295e-02
7.850145536451802464e-03
-3.865655884185292823e-02
5.094646611786923796e-01
2.709795278203930846e-01
6.735156836445528317e-01
-3.758240046808394297e-01
2.993226783016315062e-01
-3.301269785734083084e-02
8.386906472567079440e-02
1.288108766063921440e+00
-3.748351096296511642e-01
1.934355745392109527e-01
-1.780372497849401769e+00
-6.924632429594157479e-01
-3.103130562006099602e+00
-5.589230870188051543e-04
2.051999738606745116e-01
6.168285282192064595e-02
2.481329512313516783e-01
2.686546106235530029e-01
-2.675929593671070306e-01
6.723732854062927089e-01
-8.992875415263845706e-01
-7.410992857949157964e-01
2.173174188334586199e-01
2.731512468699318630e-01
2.561840563516937230e-01
-1.739688703979015649e+00
3.943419873226410854e-01
-1.158567997024437357e+00
-2.662572488612516830e-01
7.721670814211640810e-01
1.219410552992035712e-01
1.150318161191101307e+00
1.280090426685891902e+00
2.084246204177502726e+00
9.818737154362395803e-01
7.669112302551750471e-01
1.836527275483376687e-01
-4.262158937939724002e-01
2.187708022135757824e-01
2.735134242344909872e-01
-8.622980627063290271e-01
6.592507583027151785e-01
-8.678678733303257786e-02
1.197384443076438210e+00
-4.948637688835165749e-01
8.928414175785708284e-01
-1.535189640049017257e-01
-5.332821425899922918e-01
4.225144758409933310e-01
-2.224995251334004109e+00
-5.555744900894596383e-02
-8.552050067599011873e-01
-1.601998655767848945e+00
-1.852341393179766649e-01
7.836565840961556839e-01
-2.789399667067171684e-01
-7.954923936650303284e-01
-1.790680491572772759e+00
-2.796896387711734766e-01
-6.155174378402470392e-01
2.136845028780911815e-01
-1.940533008355043387e+00
-4.990117107647459305e-01
4.092141438409335752e-01
8.954882485609461096e-01
7.538449885148587049e-01
-6.601983549359571324e-01
-1.309047276465999055e+00
2.369376597090258607e-01
-6.351735738220316563e-01
-6.029813004296841195e-01
-5.405567355959903786e-01
6.398632262495926870e-01
8.101918727434479495e-01
-3.764280373540532798e-01
-4.387615176034663778e-01
-7.699418422346983037e-01
-8.706824211924714119e-01
-1.544513549901810778e+00
4.769346304897074118e-01
-6.331515558340410355e-01
-8.578818905306421216e-01
3.459878386388948179e-01
-1.812712374201845278e-01
6.024568046046838710e-01
-5.191321193542375312e-01
-3.864487948775447435e-01
-1.564991329019674304e-01
7.044510179979639464e-01
-1.273271189301794060e+00
2.310301032420424006e-01
-2.554692464189821655e-01
-7.812643916039951897e-01
-2.736203426879466605e-01
-2.228163210587207343e-01
-1.968795618454455054e+00
-8.280467165112382899e-01
-4.533047627434803051e-01
2.804576152303203118e-01
-2.995489128239741186e-02
-8.430437694796486525e-01
1.373698225224468494e+00
8.340216472834584005e-01
1.643931785936981527e+00
3.494064363618621938e-01
2.593551342844333529e-01
-4.822300162424070225e-02
-1.275112359492526437e+00
8.588312745600712450e-01
-7.880946931970606029e-02
-1.252643756389368868e+00
-1.353269484180077697e-01
7.261134069479617814e-01
-1.277083804019778501e+00
6.864848825977107882e-01
-4.223175721245229775e-01
1.534711561994832607e-01
-2.474589243016433182e-01
2.861844638470776303e+00
-1.143761140284657696e+00
-1.526027273353020686e+00
1.011252665513096699e-02
-3.040314352691287914e-01
4.638194252211129409e-02
7.829615446389601718e-01
3.796036404993745061e-01
4.833880893884812124e-01
-5.346772042082392762e-01
6.883448527070959999e-01
-4.939728624986902683e-01
2.549745581234089453e+00
-5.393748445231549837e-02
-1.791906081241529280e+00
-6.948081846479077228e-01
-2.953568110881886088e+00
-4.178641132966924854e-01
