-2.667585971468259265e-01
-1.368069637037277464e-01
-1.935190559319347692e+00
2.616358753275443982e-02
-3.602203288380624313e-01
-6.738708658414143127e-01
7.223669356517370410e-02
-8.212461838458268160e-02
-1.188180326963895084e+00
-1.001717511718771991e+00
-2.945284295910016725e-01
-2.085537035448772336e+00
1.967142905588683321e+00
-7.321639344397359306e-01
-1.484300363796974831e-01
2.161761758406617773e+00
-5.093160786299147924e-01
-1.026526010891012364e-01
-5.511687953581254629e-01
1.439063277293076704e+00
2.727252365304571491e+00
3.512946529623725556e-02
9.670885576858877508e-01
-1.377269825859689156e+00
-1.828824571055732928e+00
-1.522244925185272546e+00
-1.205975615875342299e+00
-9.332613312819066920e-01
-1.019176198696967184e+00
6.454659483563898181e-01
6.840603121677911892e-04
-6.514939699855841759e-01
2.215689207813312800e-01
-1.232887177263599421e+00
-1.581507135594423796e-01
4.840827009030234662e-01
7.439649342517038466e-01
1.458638776308324392e+00
-4.112967075122452854e-01
-5.291545147423690754e-01
-1.553286059725131167e-02
-2.866715859010011691e-01
3.482363554748543200e-01
-4.922323815698825822e-01
-1.349312679216610134e+00
-9.604632799050264458e-01
2.572171382652467704e-03
2.836199034294311083e-01
6.460624948578319593e-01
-1.749990658911416141e-01
-5.312289358182118448e-01
4.116088740635314158e-01
-4.555432173464879497e-01
7.099780137733706642e-01
1.075270331678459979e+00
9.792440162521413027e-01
-4.907381113346053203e-01
-3.812407306903229376e-01
-8.992206278275878262e-01
4.956381034126024487e-01
3.564392210315983078e-01
4.721950110900753339e-01
1.248191240063867280e-01
1.198779965403785841e+00
-4.505211888778686835e-01
-3.920376217608504410e-01
6.144954509290123656e-01
4.607236162654070738e-02
-2.803364892285006293e-01
-1.244469016732586919e+00
-5.699209712897850277e-01
8.921459834919925891e-01
9.856625266242660111e-01
7.036844371147454869e-01
1.699715977710247738e-01
1.072862789620968385e-02
-3.006580381529625479e-01
-8.425922980677262863e-01
-1.769802555520029186e-01
2.316381030482391190e-01
2.525964195192478723e+00
3.849109309116108962e-02
-1.142836011379601002e+00
1.281510116619680062e+00
1.578314888007629202e-01
4.181649992578978514e-02
-7.891209727438659449e-01
1.976667504059987368e-01
2.050863936393020059e-01
-5.253150179047921808e-01
1.886130628318427593e+00
7.065313172908153083e-01
-1.597102396232240373e+00
9.160352029258952977e-02
-1.492303917008682479e+00
1.768402024992532240e-01
6.141084044441142975e-01
-4.304236307436806186e-01
1.259091660254930023e+00
6.260354665851530775e-02
-4.860447131844191082e-01
-2.430463074593641970e+00
1.924983705901511244e-01
4.681924271179347952e-01
-9.732791328626413385e-01
2.249400871262009494e-01
-1.326243374797864139e+00
-8.838449734744362463e-01
7.494412582745266782e-01
-2.130990266710570125e-01
8.845672174828720369e-01
6.058299350481948231e-01
8.249694850143080016e-02
3.962657812782883759e-01
-4.964609344806004132e-01
1.178827835035064719e+00
-1.034368707826821332e+00
1.874701984479301420e-01
-3.487799468477821851e-01
8.650839615900700608e-01
1.823037079505094304e+00
-6.112982915440747789e-01
-1.749479930293375674e+00
9.362570053153919103e-01
-2.209551732876803010e-01
2.640422575268759620e-02
1.475511966197541880e-01
-3.939355696788918726e-01
7.368841718012969499e-01
6.394202889215200303e-02
4.205886125972700396e-01
-8.837522238843553701e-01
2.602132659092204481e-01
2.882981721234987305e-01
-8.893043783345655484e-01
8.124662097708903463e-01
2.178178257592203182e-01
8.549796732904206831e-01
-2.423738898937033426e+00
-1.580612564260746589e-01
-5.635449517903037275e-01
3.734205548965442989e-01
1.700164764199172396e+00
9.244976491239605965e-01
-4.829455648025375858e-01
-8.246312921175589228e-01
-1.110649534194670718e+00
-4.787309679635254334e-01
-1.645744841989256191e-01
-1.980230855978813431e-01
-1.068412309656494308e-01
1.589254985423037975e-02
-9.853693957477218657e-01
5.556552935428973328e-01
-3.790908707190909777e+00
-7.600381832996561116e-01
-5.626383264173341614e-02
3.066907989671762147e-01
-1.145967175424084800e-01
-3.177951156300018454e-02
-9.274065139325671225e-01
7.783711291090235074e-01
-6.495552044209647047e-01
2.518634792386424959e-01
1.512088051261781252e-01
-1.188730961276546205e+00
1.147508863977722893e+00
2.201030249414003270e-01
9.128933984301785820e-01
-9.595455120064748655e-01
9.682925923865122464e-02
3.387124105907333704e-01
-1.640065988376830708e+00
-9.723711586427974396e-01
6.400959824126974951e-01
2.443432850989535055e-01
1.392482902083373719e-01
-1.035642555629634032e+00
-7.954829719404693522e-01
2.257446476726674978e-01
-1.975140759776053689e-01
-6.608716131720917542e-01
-2.294831472409872841e-01
1.771050974736930739e-01
-4.243677866730660719e-01
-2.823476233052156850e-02
-3.896684932547894720e-02
1.679870194645315173e+00
-1.189033191639173204e+00
-3.537302835130850531e-01
-1.557729333373815694e-01
6.147847502007123266e-01
-3.345970669180575729e-02
-2.707535708933584973e-01
8.016796178036174059e-01
6.011560574465171225e-01
-1.189886632179492310e+00
-1.273022349209923798e-01
2.931236615643312282e-01
1.011344632339652438e+00
-1.506706249760611516e-01
-1.378745863414496120e-01
2.988162076675812129e-01
3.487024118695106756e-01
-4.339310272097238741e-01
-6.706582297323167019e-01
1.436861086670444543e-01
3.507030864964549299e-01
1.599896538046718386e-01
-2.634749378136957976e-03
-6.490761121824404345e-01
1.708942590871024292e-01
2.686883436726945629e-01
1.231989345498256894e+00
-6.827718566827178925e-01
-5.670117262710801243e-02
4.498243687657328405e-01
-1.662248886589661745e-01
-1.749128189591701577e-01
-4.146876066158979302e-01
-1.654238030523717540e-01
7.276224882951266570e-01
5.635681526714824141e-01
9.809099514212160642e-01
-1.369636209812366667e+00
1.280081894147161448e-01
-1.364284011679917086e+00
4.134209947459276946e-01
6.847623607971140558e-01
-5.194496570649025091e-02
-6.476815668991495745e-01
-2.372215857881022627e-01
1.026309210175838371e-01
8.551628618224096368e-01
3.897521013100214704e-01
5.214066372180929942e-01
-4.702288551039525144e-01
2.416932934104870645e-01
-9.172969842205667135e-01
3.940437475319490401e-01
-2.933236945787397465e-01
-2.139027779140924013e-01
2.585141668198673859e-01
2.165568095269319038e-01
1.332953822047960313e-01
6.818229101251935820e-01
-7.048909823081257464e-01
-2.103268804937757919e-01
-6.503002912016051518e-01
5.427964309815971333e-01
-2.238424000045812767e-01
-1.099585752500824576e+00
-4.944020519579818418e-02
-9.624162404497326184e-01
1.745180183403610696e-01
7.526010462302019643e-01
-2.396961432005532966e-01
1.315851374634184001e+00
-4.065885023244566465e-01
1.075499972141038985e+00
1.643280866392822670e+00
-2.994676300872924912e-01
-3.659913784610838716e-01
1.068203862779796287e+00
-2.900694243943539030e-01
