-1.426599686506925924e+00
6.156304884360435103e-01
1.068534506118389960e+00
-3.846628595729599809e-01
-1.906299629178170585e-01
-9.028257417899355763e-01
-7.107668333366656821e-01
1.122216908173514049e+00
-1.735574290643636886e+00
9.621771186448839774e-01
-1.500655618418664239e-01
8.897069290764709759e-01
-3.252658792077288696e-01
-1.582330739635103289e-01
3.965141780642954528e-01
-2.523170809224537514e+00
-3.832054598696075232e-01
1.104140910549785470e+00
1.033556241369529838e-01
-4.134157122904610904e-01
2.068612370474379736e-01
8.677155161907436076e-01
4.545766258967687823e-01
-9.786435096357675167e-01
-3.905738628915152999e-01
-4.892515361227200987e-01
9.928537048321910419e-01
-2.613371110940327369e-01
3.211015631010283311e-02
-2.492182634334306757e-01
2.910790849202953279e-01
8.315800180418071452e-01
1.639209621144442464e+00
-2.185295956263701989e+00
7.657399483925425576e-01
-6.459563156473449030e-01
4.952023658586778287e-01
-2.294539510292336049e-01
8.317086599472048869e-01
-5.009872104513053426e-01
-2.147369733342318621e-01
3.528652372086882316e-01
-1.372557976125979851e-01
-1.068089414432803252e+00
2.517364939778318211e-01
4.334171126043007138e-01
-8.782716261215167686e-01
2.300310390352698242e+00
9.588468557405955828e-01
6.585845494941156009e-01
-1.690559885961000486e-01
5.520142242810952560e-01
2.473120627274614791e-01
-1.063123079526996917e-01
9.001645137619460058e-02
3.795589655367984528e-03
3.536968073053645689e-01
1.261648297383193285e+00
1.477749433822745373e-01
5.498825744813997662e-01
-5.146866446331146427e-01
-4.912230334423788869e-01
-9.375162107425099034e-01
2.784544116059820551e-01
1.534297771492940110e-01
5.149077286909449214e-01
8.723318232652388371e-01
6.131518432887954340e-02
1.815696383105888767e+00
1.802437992847968906e-01
-1.442076957076955934e-01
-1.105350344040905597e+00
2.896437872015217296e-01
4.587491469712768888e-01
9.706557525778198858e-01
4.665955848043075727e-01
-6.606641184072146178e-01
-9.310401203927931579e-01
1.974006164065155833e+00
1.117478065652149216e-01
-1.718228526254751143e-01
-3.619537721176551148e-01
1.101892326261560973e+00
4.474614849606350919e-01
-1.800948894779470788e-02
7.370052315722910308e-01
-2.052157459613742851e+00
-8.245291462734667398e-01
-1.269513423781730155e-01
-7.570701873835874451e-01
1.312721054285278521e-01
-9.123161583996997059e-02
1.128764392437680009e-01
-1.296500120381932408e+00
-1.146265146442466132e-01
-3.473586794988426929e-01
-8.328544066624671283e-01
1.701398864933812705e-01
-8.908293571878390660e-01
-3.740563215896400284e-01
1.323157866027762086e+00
-7.036116605409885594e-01
1.436701377487724640e+00
-1.402156758489648158e+00
2.305028106167626156e-01
9.124657785542793498e-01
-3.164486756063245587e-01
1.484574322376178479e+00
5.399902261102488416e-02
2.322107066194553648e-01
-1.066932601474581244e+00
-2.222383143036739395e-02
-5.223302646559095930e-01
4.504842333721809089e-01
1.602116127047449989e+00
1.694180725371577934e-01
5.744785003682348345e-02
-9.600750011619408886e-01
1.539280739254719199e-01
-1.595724770170048878e-01
-1.902976322896540173e-01
-1.108530343295150100e+00
-8.437433007280846775e-01
1.436288737077704880e+00
-1.718835262393297203e+00
8.225583244722898257e-01
-5.985377954850648607e-02
-1.397125369613636980e+00
1.356509207024790609e+00
2.071876676268339934e-01
-5.517967693258252204e-01
-2.645528065439823884e-01
-1.996570242611786505e-01
-5.938670714221423452e-01
-4.118726054609027631e-01
-2.805427585754450837e-01
1.674912608396557534e+00
1.219800863901991939e+00
-6.558727888483615320e-01
1.135262314040532128e-01
-7.412971683041917892e-01
1.977468125346788952e+00
-1.535468062389239718e-01
1.803495136311075164e+00
-8.802960007103821649e-02
4.060431942442950248e-01
-4.786817099817575749e-01
9.638816637350151595e-01
-4.066075239106565764e-01
-3.283118125275094057e-01
-4.474704901387305811e-01
1.526603663378404807e+00
2.983244564988010161e-01
-1.404320564096533386e-01
-1.844983832355608921e-01
4.543445417634740802e-02
-1.418751366081733689e+00
1.690255047436375113e+00
-2.783488142925726327e-01
-1.183306828294210522e+00
3.145918114756231232e-02
-8.710941094970260368e-01
-3.800183389592612926e+00
1.417950261218358987e+00
9.608095055634109372e-01
-2.523423089825882482e-01
8.668393143420828340e-01
1.678020811214318009e-01
-1.069458123688106915e-01
-1.184566308296954723e-01
-4.981357087385689941e-01
7.098009570606700347e-02
3.057447489222109294e-01
7.367607528159241248e-01
-2.916365554874771407e-02
-1.114205702973575463e+00
3.139105679881016853e-01
1.387956908708917636e+00
-2.400153074467886505e+00
-5.036413921674478544e-01
5.988420709532982222e-02
5.901810101739293213e-01
-3.347802019633059345e-01
-2.306512233519704691e-01
1.453771055082909491e+00
7.047897209856188172e-02
-1.172542258545319349e+00
5.845099757749765423e-01
-1.591729494254697341e+00
1.827462041777761392e+00
-4.812843970320507259e-01
-1.133309602550316431e+00
-9.424825639584684112e-01
2.332162659592015297e-01
-2.670991478143167619e-01
7.711232839447149656e-01
-7.706194336839415904e-01
2.631886650315089504e-01
3.265579032586126695e-01
2.732267853890831821e-01
1.012274718218754810e+00
-9.182393449194687918e-01
5.391109396072950588e-01
4.360820335238818624e-01
1.232673261985624408e-01
-5.566913268215878396e-01
-9.171659996523011671e-01
6.744602086668771701e-02
5.381826077266531616e-01
-4.129626771889468029e-01
-1.578647431408947699e-01
-5.144953188342273886e-01
1.914271211579040566e-01
-6.811612199500098885e-01
-1.276010722895675187e-01
-6.879640859569152722e-02
4.707765214098469375e-01
1.512061417971071631e+00
-1.188996752102422061e+00
1.538823002529843102e-02
-1.139968873452613107e-01
1.319508842199469956e-01
1.710961092941712280e+00
-8.645062355871031556e-01
-3.886957635920178511e-01
-4.065549527389735740e-01
3.058981930060740151e-01
3.260590779321264066e-01
5.767242629387872022e-01
1.344728092756438675e-01
-1.347212169536682325e+00
3.046790655147796345e-01
2.444460506748771245e-01
1.763363483620634664e+00
-5.441148347740689672e-01
-4.100846585336104244e-01
-2.991426873754742255e-01
8.382859946564605869e-01
9.833938663588321916e-01
-8.336855587635533249e-02
-2.072159713781877854e-01
6.080797243367233040e-01
5.041284925793293459e-01
1.526768985176334970e-01
5.685604664409686926e-01
6.609017490565272102e-01
7.656948866210676607e-01
-4.536846447828098983e-01
6.761396898413236656e-01
-9.876485694206340593e-01
-1.020959864301756337e+00
1.455892027674653977e-01
5.073305338674580223e-02
-7.436598404299180620e-01
4.124006977312582034e-01
-9.679080557280854702e-01
-3.131142946071535427e+00
2.363887232130410965e+00
2.242255914844047404e-01
2.388001131920921283e-01
-4.276692225787455670e-01
-1.171432541225452817e-01
1.461369983883656243e+00
4.744037416057530487e-01
-2.753365406694444628e-01
