-8.390968023929366026e-01
-1.048733310711332134e+00
-6.653751472495299524e-01
-5.286501115193634193e-02
-3.089854850748607884e-01
-5.715396634077725135e-01
-7.312633430935890910e-01
1.011571060195398220e+00
8.350133533471485459e-01
-1.460998069760701679e-01
1.113391844515621898e+00
1.529770561749332680e+00
3.936158699236160796e-01
-5.445460602899316882e-01
-4.203219724858766604e-01
-3.646476745289905508e-01
-7.775771609501194170e-01
1.152876695198583601e+00
9.747791198593973583e-01
-1.164249879682217381e+00
-1.276134548969830584e+00
2.661757713842036743e-01
-2.347953712603224607e-01
7.572890274197148219e-01
-1.459562854392380427e+00
4.291501139351990846e-01
-6.025392710642607508e-01
3.137685743380205228e-01
-1.385743877214407505e+00
-2.044971169116610865e-01
-3.319268621198081526e+00
5.387611671978331795e-01
1.612275100918980075e-01
5.527153796889254789e-01
-1.396519679928641677e+00
-9.654209283848221856e-01
-2.860728086653439584e-01
-7.444474745089202372e-01
2.999836754804918737e-01
1.327526849694317335e+00
7.481299233260325643e-01
7.373162100840693345e-01
1.671507283607716721e+00
-6.864009275674041177e-01
3.061336574147381917e-01
9.371630824319381325e-01
-2.220135442540670745e+00
-3.876034788022073574e-01
-9.330399500186774553e-01
9.399181888911918303e-01
-5.553928339883396070e-01
-7.180329970807384221e-01
2.591860773678852148e+00
7.712186223650036032e-02
-1.769796677778667227e-01
-8.581246248288509904e-01
7.409349271071752341e-01
1.604996196264076858e+00
5.153099574660396920e-01
-1.758486745364008286e+00
9.675240765805779297e-01
9.129514944280409106e-01
2.894119691787226389e-01
-2.444279173079350054e-03
2.361118723293574861e-01
-3.665676897094802822e-01
9.515261099792604593e-01
8.930355259699358506e-01
-2.281988703103450256e-01
6.211294873052003104e-03
-4.580058201431438381e-01
-1.116028545655695092e-01
-1.101915401689152585e+00
-6.684907733520843998e-01
-6.809716233768559057e-01
1.071448676749811257e+00
7.979132556229204809e-01
1.768446506093356962e+00
6.706899496020131135e-01
-7.739828276877389057e-02
1.425814285928552749e-01
6.141120350592585986e-01
-3.800730135851593250e-01
4.829416230501815122e-02
4.729119335324345474e-01
2.311502259309143437e+00
2.029989213732985576e-03
-1.765320849902205058e+00
9.070752699919683026e-01
-4.486142006246285341e-01
1.824493798829456948e+00
5.738623509955242952e-01
1.087644589847995391e+00
9.640535577727180616e-01
-2.375637996652883999e+00
-1.327530023765753242e+00
-5.653403578285920439e-01
6.033213322277615198e-01
4.468445976490875715e-01
-7.114467882898662943e-01
1.539994345105486939e+00
-7.732083152236679524e-01
6.690048071895804416e-01
1.950016466909342272e-01
4.835207361822969618e-01
-1.754815824350303810e+00
-1.757323156548571408e+00
1.327433450845368235e+00
5.528376144519006052e-01
2.724352948865185198e-01
-5.334058180154518936e-02
1.046464680460621022e+00
-2.314429511318485955e-01
7.284320959238886894e-01
3.136116458797354234e+00
1.607221622222253732e+00
2.168588232682539640e+00
3.920660872599241453e-01
1.525708051572836066e-01
9.964843426968095219e-02
3.847241756962503922e-01
-6.956415664654821973e-02
7.675535707660788853e-01
-1.037049826132186769e+00
1.927921570879705393e-01
-5.540626161084168944e-01
-8.807909704816982988e-01
-1.080101055218133516e-02
1.610171983929698514e-01
1.408097436843187111e+00
3.512723930117346294e-01
5.936973571533408212e-01
8.707017475841545284e-01
1.038329404721027416e+00
1.304953051088978550e-02
-8.795642371329682740e-01
3.216182922610075767e-01
1.737014838266209282e-01
-4.709374749509236402e-01
5.040141099816826120e-01
4.086719719772105019e-01
-2.734034575083224561e-01
-1.439783884181417006e-01
-9.609072530104807441e-01
8.712626332258568418e-01
-5.713023615358747698e-01
4.062440111251330865e-01
1.063944710296971019e+00
7.525346169258484430e-01
9.843429296906736070e-02
-1.879051586679974517e-01
4.696958520275656968e-01
1.246308927307339331e+00
-3.894547170967123384e-02
-8.550917236422252987e-01
-5.141564205859865400e-01
4.095559339249607689e+00
-7.869942564026888299e-01
-8.644750843489814596e-01
7.710953618009129817e-01
-3.523314116035655141e-01
-1.069292633173521967e+00
-1.433895408038669134e-02
2.089347284884748746e+00
2.755812335327441076e-01
5.344405629794448664e-01
-1.254202152989264407e-02
-5.072183036673567624e-01
8.666191476302543828e-01
-2.455984944376607970e-01
-2.568285784946582329e-01
-5.967401302954180586e-01
-8.674389484791678040e-01
1.089271288055499554e+00
2.561565318530185653e-01
1.317160196397900940e+00
-8.340425500840347173e-01
-2.083291269633303910e-01
-6.449286138887103462e-03
-2.984911242518595853e-01
-5.589446430920838593e-03
-4.453816742605248846e-02
-6.589430112252582239e-01
-2.686776148547528553e+00
5.555323369304558667e-02
1.894340094339452163e+00
5.733152542518813455e-01
-2.565718740497566763e+00
5.655232419757798557e-01
-2.748371798072396510e-01
-1.415100579888795895e+00
-3.947657382038919915e-01
-5.809449085086562103e-01
3.808062390457445101e-01
9.330456597682836861e-01
8.529478313903505748e-01
2.616475880412458821e-01
-1.682848148463672033e-01
5.362031720117221845e-01
1.482375186535665801e+00
7.652834850203551476e-01
-1.522220545751220566e+00
1.864626390878508511e-02
-1.312748211904644968e+00
6.160569069076025084e-01
8.549047163386791492e-01
4.902049598037837574e-01
-2.751691760290714051e+00
1.635849815274299068e+00
3.889101805119660193e-01
5.336459404963531661e-01
3.654787519953774932e-01
-7.796228061806266263e-01
1.805572046155001342e-03
-8.029846335346334518e-01
-4.182344632389103367e-01
-2.225534279546536043e-01
-2.350675031491205047e-01
-7.035939882441552551e-02
1.464162820424386169e+00
8.530593997775539616e-01
3.122057168756611212e+00
2.869977458225477562e+00
9.588401687918378657e-01
2.027233207715946339e-02
3.316020164325587105e-01
4.563813523100330727e-01
2.379515623694035131e+00
6.615264018966954263e-02
6.012689753099349499e-01
3.723023322582996175e-01
1.990395311102967635e-01
4.271070651726442957e-01
3.916853947051257556e-02
2.884550757503756557e-02
3.964634409050283859e-01
-6.647542018450749435e-01
-6.899251235838658181e-01
1.720238711960618394e+00
1.668659275811796405e+00
-1.497044514638717017e+00
1.319429832142218206e-01
2.974095734746153852e-01
-3.697541778139643021e-02
-2.842011996361976101e-01
7.327092522780576100e-02
2.532625010446956093e-01
-5.065463418629743142e-01
-1.419688370377424569e+00
1.196196280823401126e-01
1.228354668482710910e+00
1.070127223332504318e+00
2.406960648501011768e+00
2.276528761036074044e-01
6.072124960748792599e-01
-2.499103466707237597e-01
-1.919741986283333146e-01
6.336739591424741525e-01
8.102775445158335588e-01
-1.228641127213188522e+00
-6.595011116913713778e-01
-3.184841745586027284e-01
-6.015574987619161096e-01
-1.816270428771439571e-01
1.916690016129528162e+00
