-8.889568084091741262e-01
-3.738606327189307188e-01
-3.243856626538349497e-02
-6.532781774539648811e-01
-9.405461281765437054e-01
-4.108015707014467388e-03
8.342305448438985804e-02
-2.070742143431283933e-01
-2.853795491604054213e-01
-4.945726478055789688e-02
-9.789393810168753873e-01
-5.195962850055990678e-01
4.941893133432866403e-01
8.774111318162494122e-01
5.515789413811740260e-01
-1.151919606052479228e+00
1.022532611710669670e+00
1.094341831977073909e+00
6.339326270458141011e-01
-1.515146871066990197e-01
4.842922375310329541e-01
-6.358701349411639558e-01
1.040285204663909252e-01
1.481260885997431331e-01
6.522142643310113730e-01
3.697615221955284359e-01
5.417947163667619082e-01
4.104959483485325356e-01
1.317674478554483053e-01
-9.299659352443490068e-01
4.697664660877644005e-01
1.096333293394613051e+00
-3.790650502363305252e-01
1.610540259042758104e-01
-4.074497065666357054e-01
2.287484632652314609e+00
-6.227444563119088894e-01
-6.703127046246755150e-01
-7.967244357329523741e-01
-3.865559444435994196e-01
1.799965827331066581e+00
-1.200842117508531981e+00
-6.987034441815618280e-01
4.235810212646117234e-01
3.077746938048215863e-01
-1.309305503695549433e+00
-4.984271931560198543e-01
1.615309252550031882e+00
6.863796091273720590e-01
2.429432389483248578e+00
-3.958763705945547162e-01
6.543508513746678634e-01
-1.750316459860258744e+00
-7.374446604702089569e-01
1.106414439843600217e+00
2.720688286616314011e-01
1.011461482816932378e+00
-6.321279418361647195e-01
8.718211130203636916e-01
3.021158851878037455e-01
-4.223435321202413384e-01
-1.375237912320243616e+00
-1.365685028247168864e-01
-1.731686811905426837e-01
-1.092841526563618770e-01
1.844292142065088180e-01
6.389845144435903901e-01
-1.132303868966193228e-01
2.286845804354483036e+00
3.124167053307818076e+00
-2.170359010719966342e-01
1.026750118708248533e-01
8.645869520405188302e-01
-1.228195184040405508e+00
6.993465883234389890e-02
4.126164609855351717e-01
1.037869483181877772e+00
4.069260292589924610e-01
5.760020748243037669e-01
1.109722863011313621e+00
-4.055402620075534426e-01
4.106760307092945927e-01
7.441661729475970155e-01
-1.121649856232033837e+00
-1.484075424879640170e+00
9.099846130073554473e-01
3.028646303508606419e-01
-9.440327877998202499e-01
4.855195875135703831e-01
5.076181794684999637e-01
-1.010503340905501091e+00
3.604608998138216780e-01
8.085337212420438957e-02
-1.235292046546985656e+00
1.207309011105768271e+00
-1.175442553641611987e+00
-2.103976714438256401e+00
-2.124389954081059295e-01
1.379890411970388087e-01
5.719024152692098184e-02
-3.048053715871614777e-01
3.688854581189938697e-01
1.005127457883741304e-01
2.083489842624006161e-02
2.118133995528068136e-01
3.930962191869944444e-01
8.398576084258959629e-01
-9.131592263998289383e-02
5.752125370261826909e-01
-1.476486834774397128e+00
-1.205772125888842972e+00
1.660440455421003936e+00
-3.056466077086296140e-01
-3.741378684983240888e-01
1.521742011959710816e-01
1.147019112224165194e-01
-5.299044085199028364e-02
-2.050492118238449457e+00
-3.328357752091904986e-01
-1.528070792744670170e-01
-1.086515904323467119e+00
1.096319016578003236e+00
-9.668053283478165172e-01
-9.845698867889329797e-01
1.834044729689842668e-01
3.268714557888054983e-01
-4.586173028282612418e-01
1.206283319476482152e+00
9.416449537642720413e-01
6.119888825977731095e+00
-4.416395401262815934e-01
7.111170983360696196e-01
-6.757637603860065789e-02
-6.319269144748438372e-01
-1.612568068229105478e+00
-4.535388904004165056e-01
-5.773736521130148347e-01
-6.461370787630422718e-01
1.596881908009675777e-01
6.339307024601970042e-01
-7.130989566381296108e-01
-4.117903788200167337e-01
4.630013370107552428e-02
-5.101073587779633711e-02
-9.382291310204824430e-01
-6.996997835314384684e-01
-8.833481793700137530e-01
-1.120336463142540318e+00
-5.057806751447249671e-02
-3.621426173995004882e-01
-7.613912394288515628e-01
8.361020763971904746e-01
7.901072931215250561e-01
-1.452551215259300088e-01
-1.536972033760591050e-01
4.742453820628389494e-01
5.671179169557218902e-01
-1.024750438053895429e+00
1.954357398110182942e+00
1.847874121079391974e-01
-4.913297384856216699e-01
-4.409271727989465539e-01
-9.013494484806724438e-01
-7.396701787301194209e-01
-2.961607017302497757e-01
1.500960361291619471e-01
-4.540496022268185605e-01
-1.538308760892146965e-01
-9.048043399127629893e-01
8.892693945488565344e-02
8.718870539399394826e-01
1.363397881522265820e-01
-5.054931853578508161e-01
-7.019519890746577229e-01
5.493490264907918696e-01
2.681998459784173949e-02
-5.026477119849898784e-02
-1.690460091962757261e+00
3.597437674061630675e-02
-1.821859889619408257e+00
2.289082216367327227e+00
1.343222814555168343e-01
1.386738242618049122e-01
6.834034493883826000e-01
5.042105759948092292e-01
-2.975110052692313545e-01
1.487925033928077845e+00
-1.025609098694661547e+00
-5.891680841449349337e-01
2.616230894854909561e-01
2.403263662036913217e+00
1.223924494801063911e+00
-1.215579100222010378e-01
7.100072856411090427e-01
2.718882636846090550e-01
1.724396715084657750e+00
4.420735135426493434e-01
3.013441658824571601e-01
8.955076394916882121e-01
-7.385709392180381805e-01
-8.677438094767764287e-01
1.388312544882175023e-02
-1.874395768578402122e-01
2.015047584749488863e+00
-7.628822356096723878e-01
8.280129981562851516e-01
-1.691044819720252113e-01
-2.873753453452920076e-02
2.432318759109514117e-01
1.114784892705165564e+00
-1.427404405451930813e+00
-1.269786761292837518e+00
6.541041701993404178e-01
1.996051350842076078e+00
-3.881134743024903244e-01
-7.203070459992824137e-01
-1.836357427470266812e-01
3.019577486626887630e-01
2.982553782321798463e-01
3.022033724088141415e+00
-9.183447743046369016e-01
-1.127454644426093555e+00
-1.585372203445180705e+00
-3.430770189678914450e-01
-7.979926376020592960e-01
-1.083775496681610856e-01
1.205970827806869927e+00
-3.075066408875531954e-01
-1.118879398391665614e+00
2.646018100595396438e-01
1.544321454603489130e+00
1.006207010240569133e+00
-8.174591464190477108e-01
-3.399319311534176880e-01
2.693503019782604868e-01
2.080727270689498309e-01
6.360892436204712563e-01
-2.550807701137174810e+00
-1.976317755527320807e+00
-4.796552813516864688e+00
-7.357983556071333586e-01
4.910466615589438311e-01
8.171175466731374071e-01
-6.498936000972419524e-01
1.429584490405632957e+00
-5.687094786659400159e-01
1.059206814731038282e+00
5.116679195377040745e-01
-2.437070646197352919e-01
8.119609717731751664e-01
-6.886197851680020410e-02
8.177533981399320862e-01
-5.127630265757092687e-01
2.590411937266632464e-02
-1.334426467253647886e+00
1.099262165547697734e+00
-3.276169634219239235e-01
7.686838381909416595e-01
6.664414683105173154e-01
-7.630487883533088045e-02
2.159746284602126476e-01
-9.374854539444519297e-01
7.742501151461841369e-01
1.160933515465978783e+00
-7.235490070189978251e-01
