2.450888493920021782e-01
-1.054388137124073754e+00
1.541124930378925673e-01
-1.305848351500698445e+00
-2.474481052996796215e+00
-1.480960438021768910e-01
-6.462379885466151830e-02
3.987170347559931827e-01
-1.065027244117383809e+00
-2.686146893992056306e+00
-1.278564064715094761e-01
-5.763463862010147210e-02
4.228774376504646493e-01
-5.905462581467213479e-01
-9.739127347131425472e-01
6.351951640986874814e-01
-7.510819877327697958e-01
-2.675114732635258674e-01
-3.789196029207829719e-01
-1.078105954625146329e-01
3.111240507957986345e-01
-1.460338727636633971e+00
-6.921276827774305307e-01
-8.392651982042946823e-01
1.200115284273243071e-01
-5.605923662140079033e-02
5.216785451035623744e-01
-8.996699056120718296e-01
-8.919720811054158982e-02
-1.365578922928886385e+00
8.313724893692381324e-01
-1.368697857089220538e+00
4.513769828194074685e-01
3.983956119488794023e-01
-6.849321505101062524e-01
1.076726232699873442e+00
6.234569130563167860e-01
1.424227050075586920e+00
3.150775173488182812e-01
4.099829722364015105e-01
9.314636383144163645e-01
-2.059409728121610050e-01
8.023334476652306257e-01
-2.624777577355495994e-01
5.735826199585387641e-01
1.086701158148148938e+00
-7.103380157664956895e-01
-1.952719473002053618e-01
2.796252424313727669e+00
-3.837248821353647088e-01
-1.867309357235793277e+00
-5.112563805092927571e-02
-1.244446328645504973e+00
3.540943462990990831e-01
-4.793368103992092788e-01
-3.233959683434627363e-01
8.470320003138042120e-01
5.587020420866997128e-01
9.238396120949176060e-01
-1.617367135045745474e+00
-5.919991588868640520e-01
-4.795695173091080177e-01
-1.811709715261710985e+00
-4.332438476150086148e-01
-1.727165985506414314e+00
1.191346118597268466e+00
-4.694535433867363938e-01
-5.554350922659598844e-01
-1.258338124775250755e+00
-8.914655865362157428e-02
9.228131647856971931e-01
1.046654179342380253e+00
-2.016946282646983057e+00
7.529501035268960640e-01
1.010847636148901163e+00
-1.343512150096818902e-01
2.312935821476466813e+00
-9.828092301773407868e-01
1.449674618560745087e-01
-4.699835739069162521e-01
8.295142441882726869e-01
3.228070573472348492e+00
-2.610221653439736555e-01
2.948980139386479515e-01
3.222402005814535730e+00
6.871284902060597055e-01
3.994373327003774010e-01
2.740712141766100673e-01
1.111386774309827352e+00
-9.649395436875989329e-01
-1.661061950062075354e+00
3.557141759436197037e-01
3.364197594501008859e-01
-8.004608355605373760e-01
1.663513758538949894e+00
1.045026640145120922e+00
-3.624786781527166400e-03
3.021586095702700203e-01
1.009020665295015107e+00
4.677009761936853915e-01
7.008848819519291062e-01
1.688642034771154599e+00
-4.921443074317182198e-01
-1.261961320279662235e+00
1.247008101146185322e+00
-1.948253823080850489e-01
1.717138358996074532e-02
-3.581334811362046344e-01
6.228953791071585311e-01
3.350214297706476385e-01
7.738944182557314644e-01
-8.834408475016201912e-02
-3.868970309793678952e-01
-6.689201747000350640e-02
1.320771028707645733e-01
-1.485961902652659816e+00
4.305855591848167796e-01
-2.078902912334911479e-01
7.301569928403024434e-01
-1.071495898605756697e-01
-2.138672355162116179e-01
1.795301893643024504e+00
-3.387190895335021601e-01
8.677712202132166208e-01
-6.884349279740985539e-01
-3.999330276038361442e-01
-1.147155634650945721e+00
2.184552529413048561e-01
4.368135792079717861e-02
2.135461904996884819e-01
-1.252119500881840874e-01
4.409562015594837292e-01
8.139081742598017755e-01
1.479631747925467256e-01
4.492015384331113914e-01
-4.332725296295640571e-02
-6.051664232658546805e-01
2.318777880762006860e-01
3.566712965456394713e+00
5.042408058927232428e-01
-6.476322094800583962e-01
-1.567975052472974640e-01
9.788789776481513494e-01
-4.343367980298852848e-01
-6.595582599244682598e-01
6.317473955609829162e-01
-3.880829759458453987e-02
2.215560948565157062e+00
-1.103457626236255873e+00
-2.187411538412823431e-01
-5.934710309125803551e-01
-2.054117428764237474e-01
-6.185549063827948668e-01
7.793992932993146217e-02
-4.945191736325650622e-02
4.384885533494884413e-01
-9.196345136906548534e-01
1.969588276920261727e+00
1.693963444943380692e+00
1.389163499803518498e+00
5.562648410800266063e-01
-6.659484924727341326e-01
-9.855616121436239219e-02
-1.610723030901055619e+00
6.873015268596949223e-01
-3.935624139386573184e-01
-5.087865584403150621e-01
1.674904525264320432e+00
-7.238449901535490838e-01
-9.135489340556781634e-01
-1.441046346456708482e+00
-1.828447463611583945e+00
4.875817857030202984e-01
5.152349354777161494e-01
9.294023464398240009e-01
1.111533027561241449e-01
1.014546616108914723e+00
-1.165303190660543636e-01
6.233187867795670911e-01
3.487736075311731465e-01
-5.818580292527339992e-01
2.597031267153830925e+00
7.470987032672866679e-01
-1.390991072425139308e+00
-2.077528433185007906e+00
-8.549202227946044452e-01
-1.258566452579795492e+00
-2.925571544891470421e-01
-7.880171090833267833e-01
6.368575962209910291e-01
-2.142638827796271017e-01
-9.037190825670784466e-01
-6.715721429268513010e-01
4.435164859959562778e-01
-4.448772731338054287e-01
4.756857274458112239e-01
-1.019418539757515951e+00
1.793611689941053022e+00
4.122626126646809497e-01
6.836858132708607538e-01
7.113838501638118927e-01
-2.786788170889709093e-01
1.098578856003877002e-01
9.403278365441369857e-01
2.278606821479644828e-01
-4.478632416164930463e-01
-7.533711160398531836e-02
-5.780131970249990925e-01
1.812793578527180649e-01
-7.426047296398128328e-01
-1.622825236946897620e+00
6.856150166291550274e-01
-1.326807033253261658e-01
9.892048505806549930e-01
-5.253205670063650079e-02
-7.420076610728193467e-01
-8.621256789928144482e-01
8.442265580967762695e-01
2.459788335727031983e-01
1.440117289773841236e+00
1.184501476929386288e-01
-5.513129005855195164e-01
1.432470456278751580e-01
-5.733379839625927232e-01
5.604061116491928507e-01
1.927016581455768485e+00
-4.459380286069486443e-01
2.112679933410770872e+00
-8.769106518082230295e-01
-2.898470266124037464e-01
1.088214474760981626e-01
-1.414879994278204878e+00
-2.330123445180901642e-01
-2.173790995097572010e-01
4.241619488422029294e-01
-6.289816835450743326e-01
-6.113300971482125146e-01
7.479483620433047264e-01
1.430924288273326406e-01
7.304539203941829983e-01
1.492569894693464683e+00
-8.129884199622380292e-01
8.371604693413685627e-01
3.211450535280801155e+00
6.009317610782500818e-01
2.829035123961591569e-03
4.663943865905560426e-01
-3.774140416966793865e-02
-8.355841537296199162e-01
-3.799271009287675582e+00
-6.475755512952623416e-01
1.052273471300552377e+00
-5.681615077160491190e-01
3.344352292709716901e-01
-2.318011158804469396e-01
-4.361549891635265186e-01
-5.612104757048956838e-01
4.829897306968708448e-02
5.277898061481369751e-01
-3.408311601568952964e-01
-4.642074180646464376e-01
-1.790135222584092078e+00
-4.284666903784485892e-01
1.169524922170642522e+00
7.892633616024054000e-01
