-2.441171911825410490e+00
1.152276657167138119e+00
-4.910349623690252741e-01
1.389095381042814381e+00
-1.218516541211309284e-01
-1.451633002016700646e-01
2.313273887037162468e-01
4.308937031764829839e-02
4.564546860687928587e-01
-2.045623837397470446e+00
1.783180586048033756e-01
-9.117450920815646231e-01
8.692505387234776837e-01
2.658843555258848523e-01
3.120513438487096947e-01
6.623981621294359190e-01
-8.329315056092714276e-01
2.113255979813339458e+00
-1.248822448720730144e-01
1.700014142250257099e-01
-4.845021385856000951e-01
-2.668083878754015537e+00
-6.280282944370019216e-01
-4.857683174940474746e-01
3.083973750986812035e-01
1.006744377474648289e+00
-2.070977209569652366e+00
-1.617957006916814100e+00
-9.544643346255603511e-01
4.356661076110256436e-01
-1.647463383344604182e+00
-4.134291102836629150e-01
4.121391680962669390e-01
4.291090466164541040e-01
1.154676543549030043e+00
-1.413504766530793155e-01
5.702902991878916472e-01
1.951054090621167636e-01
-9.633934699417423531e-01
-1.518886517878716425e-01
-1.937397895488825128e+00
-3.315028503236574497e-01
-7.738080865273642139e-01
-1.467330051127841983e+00
9.110955652016794470e-01
1.652299852545258130e-02
-5.968019200402459035e-01
-2.537914609469293925e-01
-1.047695224854349405e+00
7.627838219383635820e-01
5.153186093765813741e-02
-3.515588808303064527e-01
1.128930379255589589e+00
-5.772560658102839776e-02
1.020166217825684729e+00
4.363419156489748985e-01
-8.457040476494488423e-01
9.825577841321129213e-01
-4.825801453741207503e-01
-9.045289640727256497e-01
-1.837102056808185502e+00
3.059426042372050958e-01
-5.599823979991602751e-01
1.044584711854847914e+00
-3.488777629945426506e-01
8.126121358178683973e-02
-1.230187517228825467e+00
1.965430621229830588e-01
4.567506157559968472e-01
-6.962377659776491923e-02
-1.590716611939869685e-01
-2.415747406181547596e+00
-3.429809164859006221e-01
-7.193916089287383242e-01
1.970091882377115466e-01
6.815564414375683278e-01
-7.011127377678899597e-01
5.108387920234794266e-02
1.462378044649775832e-01
4.120211309270856992e-01
-3.476510041681618035e-01
1.528803045166677421e+00
4.446477461906905848e-01
-3.616988481151589552e-01
-1.080044823323352166e+00
-5.834888525462265246e-02
-5.478945308100187095e-01
-5.672182513162435935e-01
1.507212366782290314e+00
1.867571367148073147e-01
-2.017477831128337007e-01
3.408349852287698711e-01
-2.278379132829891074e-01
1.196911340847490735e+00
-1.293909806564260134e-01
5.016384063988620079e-02
6.130940604977661579e-01
1.641866107926353902e+00
-5.299481760841182609e-01
-2.604100682056261995e+00
-7.620178763402781774e-01
-1.791019572434302765e+00
-3.864382653056916972e+00
1.391563878242120689e+00
2.729858600925763934e+00
-2.404474824846165593e-01
-2.866564888764978614e-01
-2.095810298647662884e-01
1.242918109549643768e+00
-6.511095802032362823e-02
1.086336837815907508e+00
-8.347641959569735981e-01
8.035619505187441280e-02
6.194219703158905244e-01
-1.247682333236368013e+00
1.615633061222666034e-01
-1.408873242649911692e-02
-9.286174203025682194e-02
1.890209426392921443e-01
4.960806945022239178e-01
3.895430161749429132e-01
1.406285861718364449e+00
-1.039901361718492456e+00
-1.119689011728994821e+00
-8.850598953254225076e-01
-1.350621718409872885e-01
-3.240457174269577301e-02
-1.177762990551007583e-01
1.737266130816697285e-01
-1.046732893315757695e-01
-3.511489216468938190e-02
-2.335713928772406300e-01
9.241298072539691488e-03
7.525668412411576358e-02
-7.834523387787069026e-01
-1.864156789555352634e-01
4.257145160235107362e-01
-2.444055960722331111e-01
-1.222397461446170230e-01
-2.857250702101723494e+00
-3.593310907219627870e-01
5.785011274969142914e-01
-4.002515830843781930e-01
2.877255749210556601e-01
-3.619910843051830640e-01
1.461137237429075419e-01
-1.119708258431293402e+00
2.798411040349872980e-01
-6.459253614707443081e-01
-8.806240595338742372e-01
1.650981445110417667e-01
-2.064395073810122438e-01
-2.511420298788891170e-01
-4.571964415428675377e-01
1.443809669949001284e+00
-8.478796858190569274e-01
-1.466139084617542165e+00
1.297705288414283641e-02
8.540146717951488387e-03
3.682158957298138358e-01
3.784531698560542057e-01
-1.041340985592209556e-02
-8.847423496769066809e-01
6.795468571355995913e-01
5.292609163689008245e-01
-7.360568167628563918e-01
-2.728287352791621823e-01
-3.571359236065882459e-01
-1.888615503455174371e+00
-4.172397063144273055e-01
1.476002572229441867e+00
-2.528414822694354802e-01
-1.218461270873011926e-01
2.089181604967288663e+00
-1.077343566865712088e+00
-1.245220819447839578e+00
-1.188582607896914833e+00
8.427399512104424839e-02
-6.111527515091627061e-01
3.933934313465236587e-01
-2.006946064613666536e+00
1.503180497092622581e+00
-6.097170844641743859e-01
9.413264233690538108e-01
-1.459501481411806134e+00
3.483671520812125499e-01
2.558802610177600911e+00
-1.395888383493291141e-01
1.374992760171238615e-01
8.214355586445123425e-01
7.897464618967964256e-02
2.526396558185093344e-01
-1.131639645173137809e-01
-1.930787966669552935e-01
-2.116267667928772411e+00
-8.652650780003210418e-01
-4.923599600694390510e-01
4.791884159877501381e-01
-2.396929041769488289e-01
8.725513560441908734e-01
-1.418869735380671626e+00
-1.839524810324772552e+00
1.009762436737963842e+00
-9.316830365909842815e-01
2.323011881098041576e-01
-2.499315023201081343e-01
-4.872022233041478634e-01
3.577260537283949438e-01
-6.590212636838586047e-01
-1.403575621341206503e+00
-4.301234350799000294e-01
-6.125505672351123643e-01
7.074330845540512946e-01
1.152471279286966244e+00
5.372413561040279006e-01
6.263490345404059134e-01
4.616044371450421235e-01
1.354600619991153942e-01
5.010642618748512717e-02
-6.791408868047401626e-01
-3.650508531261736356e-01
-8.867845148295125934e-01
4.541248865092868403e-01
2.809220029029623200e-01
8.359222823275482828e-01
-1.814722900682725015e+00
9.649397157575689832e-01
7.254390902748986125e-01
-9.087897176732488980e-01
-4.161421465090096916e+00
-1.216290857199510356e+00
-1.653327829503892232e-01
-1.793992105122725611e-01
-7.417668656813919403e-01
-1.597488806855482668e-01
6.995212703183185665e-01
-2.512620528018939536e-01
-5.493802633218469733e-01
5.436774307711673970e-03
5.825527654195261640e-01
-4.682559023484154648e-01
1.246917890151524322e+00
-8.408292237935410807e-02
6.665396115908818198e-01
-2.541903133041900631e+00
-4.442076422448457684e-01
1.668210571787808183e-01
3.569320109353230075e-01
-9.375271893448615668e-01
-2.961432449608909501e-01
2.998751943903996686e-01
4.509412290173520077e-01
1.181929107366849863e+00
1.441569967817903031e+00
-2.987674595930037702e-01
-1.132990486046783651e+00
-6.675780389521510649e-01
-1.862148839109811771e-01
5.598288108660200990e-01
1.227430161491738225e-03
-2.151833346481386577e+00
7.330690475648271587e-02
-6.234377106308146566e-01
-4.127846952280744830e-03
-9.908793528348198987e-02
