-4.657421806978779832e-01
-5.392716038525307010e-01
8.295804899674785737e-01
4.939848858475631710e-01
7.495359551820888200e-01
-9.224698322526825311e-01
6.955948453411213706e-01
-8.423405105919659075e-01
-1.679027287815266778e-01
1.725269127258970858e+00
-1.654399209759532363e+00
1.175020215246736610e+00
1.120877580771300286e+00
-8.881252519473399332e-01
-1.753708224183855524e+00
-7.263340051963321775e-01
1.007043527578242781e+00
5.872015056337347438e-01
1.487402668314098619e+00
2.036490409882696362e-02
-1.273669460273741061e+00
-7.305381116683166143e-01
-9.255237563900318154e-01
1.920325409646528314e-01
3.593349354696895315e-01
2.187899377639248577e-01
-5.942171393101456367e-01
7.918984144315199813e-02
-6.262526500229861348e-01
-6.791755158271558512e-01
4.901407579003653758e-01
1.190103332359473631e+00
2.314445480393106713e+00
-8.625043966335206314e-01
7.148641875764969456e-01
-1.951262071177621849e-01
4.372887287155473146e+00
1.281438168359841034e+00
-1.485008144802122398e+00
-7.432259004152954596e-01
-1.012776281019732716e+00
2.868618026290128853e+00
-4.515783755291019830e+00
-1.026408940711253326e+00
-6.697332963363070713e-01
2.522522985160419173e-01
-1.413709503834056580e+00
2.165030892195293433e+00
-9.390378974332488360e-01
2.767336312580310764e+00
1.202982286849785254e-03
1.347782054812710073e-01
-8.999784911388074571e-01
1.054263319954240830e+00
1.663544828198245007e+00
-6.471801370014257371e-02
-5.761592204070609124e-01
1.295583501470372934e+00
6.043230152212526463e-01
-3.041374030497208114e-01
-2.838198570359128370e-01
-1.769475810167640439e+00
9.502716087627506303e-01
-1.423072080886717661e+00
-7.146294642195758495e-01
3.627596756927185528e-01
1.140096542204720453e-01
-4.314885440192670618e-01
-1.151250273979145922e+00
5.889905181013922464e-01
-1.910726656285932856e+00
6.957571858803148768e-01
1.293533995083892663e+00
-4.639553269758782128e-01
-1.029260627785986371e+00
4.346603201589235965e+00
-2.756321296206474258e-01
-7.053800696875478504e-01
-1.682451920616866214e+00
8.209965941367980413e-01
2.671783704081422961e+00
-7.115791163709213052e-01
5.338456454989729538e-01
-1.083162606377032988e+00
7.006851125969183469e-01
4.163907663610619814e-01
1.205362102563781734e+00
-9.097078363366323250e-02
1.549750012347495876e+00
7.134667806168963899e-01
-3.720556294713524004e-01
-1.637685238500807605e+00
-9.649746831686352166e-01
1.988893847108836876e-01
-6.607060778129818512e-01
6.832232980745484019e-01
-2.948148654604136887e-01
4.719653473756137974e-01
8.799478705667590495e-01
-7.849252499963937924e-02
1.294654364730970730e+00
-1.531583624673343191e+00
-2.057936182495146760e+00
-1.707861024309336839e+00
-7.473732074386911783e-01
-8.550656382711540049e-01
1.266439932373529142e+00
6.422071638699513585e-01
-7.514262730569705173e-01
-2.878299393847107090e+00
-9.979408353425909262e-01
-5.080620844977619122e-01
-1.057113465654659468e+00
2.628693298395596845e-01
-8.303508492082598558e-01
-2.084482732603456512e-01
5.068383367584197163e-01
1.923423944497272942e+00
-2.046808940457012227e-01
-3.550591417711482567e+00
-5.447896965863905372e-01
3.630620560518686979e-01
8.448889897073066368e-01
-3.339391643666326792e-01
-8.813586101118269234e-01
-5.161808759800470270e-01
-1.628325862455071715e-01
-3.139647328408745608e-02
-6.101948991511718656e-01
-1.619674128695048898e+00
1.020572017739126425e+00
-2.007605674936395745e-01
8.889360139699586938e-02
-1.489736197048477262e+00
1.178147616780722690e-01
6.459851503917921622e-01
-1.324846697348315505e+00
1.381253551111777389e-01
1.494691759757352800e-01
-4.542342575157764517e-01
6.746064276135292914e-01
-7.743504791454208780e-01
7.777393613593133193e-01
-6.229705146127151316e-02
8.466205563229292075e-01
-9.337721623136132632e-01
1.283022092713083984e+00
-7.246791442401717687e-01
9.361683353431655696e-01
8.861360470783834486e-01
1.218715248701427889e+00
9.810650676486349919e-01
1.857086439399080469e-01
-2.817423159654186549e-02
2.421178567997946729e+00
1.469802316911520412e+00
-3.516776703158345896e+00
1.383492568219505392e+00
-8.535480017611898340e-01
-1.510774188763661874e+00
-5.573236947105897343e-01
4.976087763257383001e-01
-2.499487584873330559e-01
-2.349766202016578376e+00
-1.065094653978555961e+00
-6.712548858667661378e+00
5.491818554383164352e-01
1.295009806605344149e+00
6.924244038323692507e-01
-1.106000093091321190e+00
2.079020697095012027e-01
-4.377356413287193604e+00
-7.944330108305170945e-01
1.422368368975697184e+00
-2.130084967868482337e+00
-8.287538944201273683e-01
-2.351600888393580391e+00
-4.659347567801348511e-01
-4.366431203630867230e+00
-8.593413031302113980e-01
-1.685185568403721190e-01
-2.219318734611712696e+00
-2.761741648166514906e+00
-1.015349401531155493e+00
9.274026880775806947e-02
-7.055636163650376158e-01
-2.735434540207149823e+00
4.452113772324304275e-01
1.021825548185040233e+00
1.673244307625388894e-01
-2.236270403334673640e-01
3.015707623104206814e-01
4.963537416265506597e-02
7.471020876357361562e-01
7.206423502889696131e-01
3.000245702605097708e-01
1.088376420164510083e+00
7.768190272295016907e-02
9.847318697032692025e-01
3.194794638244602414e-01
-1.268762964175692787e+00
-3.586509666389037232e-02
1.053187679395350962e-02
1.520314331300786748e+00
-4.020649806478561183e-01
9.062458296127551272e-02
-1.897326072206962089e-01
-1.969834723300819768e+00
-3.915216265838267207e-01
-5.424163473702030558e+00
-1.516407985167774974e+00
-4.583703566370538329e-01
3.436384428200998986e+00
9.718646244455264593e-02
-4.270182577552658065e-01
1.131413116270412189e-01
-1.123860703524155014e+00
-4.625368716803801572e-01
-1.981670886681148769e+00
8.788883564980517482e-01
6.724456468441286638e-02
-1.723370043318103395e+00
2.793731524046085823e-01
-9.839489142307380476e-01
5.089866951049811794e-01
5.304454802850180339e-01
-2.711113289156047435e-01
-6.395073511917233056e-01
1.804017090389844480e-01
-1.482672380706661297e+00
1.299092981236067867e+00
-5.464836116907446639e-01
1.721633953471127576e+00
-1.116471116624798032e+00
-1.367515171988764600e-02
8.815025280291610699e-01
-2.430623008525198969e+00
-1.846169690640835359e+00
1.710270806878549266e+00
-5.621289796559429952e-01
-1.403127609466188419e+00
-6.396549695298323623e-01
-4.562169336892982763e-01
-9.244308541952067637e-01
-6.199430777296002226e-01
-9.483696028380107501e-01
8.868229917416995400e-01
-2.458005406468971032e-01
-4.682451659506445818e-01
5.492693801265184916e-01
-4.257196497471557706e+00
5.774223479598106223e-01
9.484871441181521590e-01
2.246451513826087876e+00
4.364326440865411438e-01
1.386022820899552199e+00
-8.709863685989318594e-01
-6.058277032919049399e-01
-7.441049674570483496e-01
-1.902617215653616300e+00
7.962757308050089078e-02
-5.270728579045564910e-01
1.603695661939681161e+00
-2.430664287166388327e-01
3.922193425802527056e-01
