4.889902365070876167e-01
2.511005935819738966e-01
-6.251444299739234989e-01
-3.542764605233220676e-01
-9.062356163757234739e-01
4.481565859811140751e-01
9.551836441313657500e-02
6.173091449950699472e-01
-7.146035527457199610e-01
-9.705368192691554707e-01
-8.331882380633088836e-01
-4.690004013448876297e-01
2.235804213372876159e-01
4.104062298854099788e-02
1.331843167812392925e-01
-5.661375096730220102e-01
1.178609270064732983e-01
-1.271529886338250703e+00
-1.489964798340064789e+00
6.878258505579746274e-01
6.219187444619802552e-01
-4.677798070568134348e-01
4.065544011699585569e-01
1.893867252153263459e-01
-1.602496817308265986e-02
1.646737103682638370e+00
1.978058708763472673e-01
3.754825976557359946e-01
-1.179693498715275735e-01
-3.446657518103465878e-01
4.017748045062226048e-01
-3.642009853294824184e-01
2.448575359695210896e-01
-4.015683198010885357e-01
-1.288859999101881204e+00
-7.360504459813173028e-01
-2.372391746952930980e-01
-2.829954452241980611e-01
1.961909387438168784e+00
5.137429444220907859e-01
5.173373473689538704e-01
-4.434479566873816836e-02
4.594723242409054498e-01
7.938245514140063186e-01
1.380446099482379063e+00
9.345321463695799302e-01
7.584918578738375494e-02
1.922004859886111694e-01
-9.189527673218891302e-01
3.034348868451781644e-01
8.572815602763430576e-01
-1.803023830034633512e+00
-1.135190121610701652e+00
-3.800349558054978427e-01
2.003945172681706466e-01
3.518980249019252327e-01
-1.651885620859641302e+00
-2.189307618101623554e+00
1.596873184375906973e+00
-4.466383609687658574e-01
1.497109303884172515e+00
-2.681078845517254727e+00
-6.337842981701419243e-02
-1.400435653101475886e+00
1.218359104594827436e+00
-1.348943073179223351e+00
-6.058846062025289303e-01
1.123707771654931076e+00
-2.751667896561943438e-01
5.104856989782163845e-01
5.403905427598341138e-01
-2.218759921888960873e-01
1.415664035573761304e+00
-7.545455251946285857e-01
-5.811236804313142656e-02
-4.448174778031037668e-01
-1.224735106844949128e-01
-3.598837903377867242e-01
-1.690567954684952801e+00
-4.759516039487566852e-01
-1.767869948893752818e+00
-6.389642014984311946e-02
-5.370878532442227016e-01
1.228901382359388839e+00
1.804707285754898471e+00
-2.462009469780275794e-01
-7.643687182550941150e-01
4.265945587866225019e-01
-1.890705589838984402e+00
1.317972062060629224e+00
1.478416645646536853e+00
-1.294726497920956287e+00
1.274700542854177332e+00
2.295891926321690923e-01
-5.118566836641783580e-01
-1.274424431299198579e+00
-3.638914579947127859e-02
1.264088088302331089e-02
6.074401472859025652e-01
-2.109416192616209162e-01
-1.538654923082221071e-01
-1.221171021988583183e+00
2.911029417706307854e+00
1.557615996151007209e+00
1.790602107064346582e-01
6.472755221587431773e-01
7.009816147897907079e-01
-1.428068427348537117e+00
1.934174820488855362e-01
-9.721692842893605579e-01
-6.028670886267087914e-01
-1.174654703199705885e+00
-5.896773819056251309e-01
-5.473932942601529295e-01
-8.390634584673346552e-01
1.155355091844039839e+00
2.978344459957170676e-01
-3.134213339358656869e-01
3.897466130675750762e-01
-1.376323448270005745e+00
9.249925353069188283e-02
7.886207305825099212e-01
3.838139220102542576e-02
5.145503355336433771e-01
7.349690108289708146e-02
1.644043654485517703e+00
-6.175333689302511253e-01
-9.045281061299370595e-01
5.291387711920920722e-01
-3.383477326922945672e-02
-8.332770115346731510e-01
1.226239290817381228e-01
-1.400296056244465959e+00
-1.903813380627815910e+00
-1.353411461125899051e-01
2.482208531561060638e-01
-1.585330903724697649e+00
5.730513791031344173e-03
9.022833330992288126e-01
2.249896999034746159e+00
-1.206661163864244823e+00
-8.195084553639897518e-01
6.837795126065977502e-01
-1.678273463910794350e-01
-2.468029068367851853e-01
-6.543258364005228866e-01
-6.656624988255279707e-01
5.794288853344486956e-01
6.203474692439560172e-03
1.366596449727606188e-01
4.506481095071179777e-01
-1.711241744886433658e-01
-8.482414493818655199e-01
1.956394193168439211e-01
1.729788181624535071e+00
-7.625024720051356564e-01
-4.831024252273381503e-01
-2.266876604798338857e+00
-5.754569589300289056e-01
-1.487883044676319155e-01
7.323726160335645163e-01
-1.892159734181045216e+00
3.809085346751671652e-01
3.616305450398439980e+00
-4.025280029866386000e-01
4.797416386867581761e-01
-2.574962909751459694e+00
9.190386265853675019e-01
-1.643420549091923588e+00
-1.711378887859325570e-01
9.368179372174532116e-01
1.614306164836529556e+00
-1.011484107961610146e+00
-1.116052104686537927e+00
-4.643216130418015286e-02
-1.530784343373078116e+00
-2.890933401950094295e-01
-9.946472147929735774e-02
-1.308406003188483879e+00
-1.188356886624488684e+00
8.430978672062551527e-02
4.903708681844411998e-01
-7.020684906804446346e-01
1.895986456048295965e+00
-5.215293883729581470e-01
-5.728407936119721267e-02
2.719907131556131841e+00
1.151279184370490594e+00
4.630020268992389443e-02
1.038694741863650933e-01
3.607769699240344075e+00
4.661322850197573864e+00
-3.489417346035650347e-02
-2.709564070688446069e-01
4.351998791241317166e-01
7.252075901145353942e-01
1.078573420568573749e-01
-3.996854014790962584e-02
-9.603942221275493241e-01
2.038001821760390353e+00
-1.523121925230872531e-01
-1.118367596228029504e+00
-5.921368293222720736e-01
-3.260076992164494536e-01
2.835893497298014321e-02
-2.839665708931982113e-01
-1.494946832088084321e+00
-7.584713965610356823e-01
-1.142406073727283700e-01
-5.408165620895155623e-01
4.153369684178865318e-01
-2.963934395848817349e-01
1.584701445178593460e-02
1.280642194754768148e+00
9.586414761748477398e-01
-1.385433167671044963e+00
-3.141489254089484540e+00
5.543579402345284457e-01
8.985717883261081784e-01
-8.423208521619752753e-01
1.690814396673625541e-01
-1.562689928577700726e+00
6.519904027292438009e-01
1.587870009942874860e+00
3.455770694216747652e-01
1.767457618666226971e+00
7.904531169598489893e-01
-1.514481667900490658e+00
3.306824375892613577e-01
4.625094971457728299e-01
-5.770893249032202910e-01
-1.069018301848574604e+00
6.279942755324877668e-01
5.441262740878184401e-01
4.288862003016368218e-01
3.920691366691971824e-01
-1.140342557389347089e+00
1.584387617730169895e+00
6.150145506648483501e-02
-7.456881786615168761e-02
-1.312365342196441187e+00
5.526224993677671948e-01
1.233362908502094069e+00
-1.577067916762036337e-01
-1.730818988222805554e+00
2.488654914896521131e+00
4.886274221911904858e-01
1.273890407385974921e+00
-8.798454035163022491e-01
-1.083365358076502805e+00
7.027053135476668544e-01
-1.501394253455847760e-01
5.076871273538607898e-01
3.157733975310486052e-01
4.858359738462760258e-01
-5.507699872765088323e-01
-1.704387310851285697e+00
3.462243519927116209e-01
6.249724575494796097e-01
1.243567344339004510e+00
2.216135866603635152e-01
9.996274059505891874e-01
-2.204048247210720124e+00
2.868960863403642314e-01
8.984917176373266035e-01
